frame id,address,retcode,numDistances,raw_mm,medianEMA_mm,medianEMA_in,p0 str,time now,LED status
498,0x51,0,1,433,427.8,16.841,-20,89298,3
499,0x51,0,1,432,429.0,16.891,-20,89477,3
500,0x51,0,1,435,430.2,16.938,-20,89656,3
501,0x51,0,1,435,431.7,16.994,-20,89835,3
502,0x51,0,1,434,432.7,17.034,-20,90014,4
503,0x51,0,1,418,433.1,17.05,-22,90193,4
504,0x51,0,2,415,428.5,16.872,-23,90372,3
505,0x51,0,1,434,425.4,16.747,-20,90551,3
506,0x51,0,1,429,426.5,16.79,-20,90730,3
507,0x51,0,2,432,428.1,16.855,-21,90909,3
508,0x51,0,2,431,429.0,16.889,-20,91088,3
509,0x51,0,2,432,429.9,16.925,-20,91267,3
510,0x51,0,1,431,430.2,16.938,-20,91446,3
511,0x51,0,1,413,430.5,16.947,-23,91625,3
512,0x51,0,1,417,426.4,16.788,-22,91804,3
513,0x51,0,1,430,423.6,16.677,-19,91983,3
514,0x51,0,1,426,424.3,16.705,-21,92162,3
515,0x51,0,1,425,424.8,16.725,-20,92341,3
516,0x51,0,1,428,425.2,16.739,-20,92520,3
517,0x51,0,1,416,425.1,16.737,-22,92699,3
518,0x51,0,1,429,426.0,16.771,-19,92878,3
519,0x51,0,1,428,426.6,16.795,-19,93057,3
520,0x51,0,1,418,427.0,16.812,-22,93236,3
521,0x51,0,1,429,427.3,16.823,-20,93415,3
522,0x51,0,1,429,427.8,16.843,-21,93594,3
523,0x51,0,1,428,428.2,16.857,-20,93773,3
524,0x51,0,1,427,428.1,16.855,-20,93952,3
525,0x51,0,1,430,428.1,16.854,-20,94131,3
526,0x51,0,1,429,428.4,16.865,-20,94310,3
527,0x51,0,1,427,428.6,16.872,-19,94489,3
528,0x51,0,1,430,428.7,16.877,-20,94668,3
529,0x51,0,1,429,428.8,16.881,-20,94847,3
530,0x51,0,1,425,428.8,16.884,-21,95026,3
531,0x51,0,1,429,428.9,16.886,-20,95205,3
532,0x51,0,1,430,428.9,16.887,-20,95384,3
533,0x51,0,1,432,429.2,16.899,-20,95563,3
534,0x51,0,1,415,429.5,16.908,-22,95742,3
535,0x51,0,1,430,429.6,16.915,-20,95921,3
536,0x51,0,1,434,429.7,16.919,-20,96100,3
537,0x51,0,1,428,429.8,16.922,-21,96279,3
538,0x51,0,1,430,429.9,16.924,-20,96458,3
539,0x51,0,1,432,429.9,16.926,-20,96637,3
540,0x51,0,1,428,429.9,16.927,-20,96816,3
541,0x51,0,1,430,430.0,16.927,-21,96995,3
542,0x51,0,1,430,430.0,16.928,-20,97174,3
543,0x51,0,1,428,430.0,16.928,-20,97353,3
544,0x51,0,1,428,429.4,16.905,-20,97532,3
545,0x51,0,1,430,429.0,16.889,-19,97711,3
546,0x51,0,1,430,429.3,16.901,-20,97890,3
547,0x51,0,1,429,429.5,16.909,-20,98069,3
548,0x51,0,1,428,429.3,16.903,-20,98248,3
549,0x51,0,1,428,428.9,16.888,-19,98427,3
550,0x51,0,1,430,428.7,16.876,-20,98606,3
551,0x51,0,1,428,428.5,16.869,-20,98785,3
552,0x51,0,1,429,428.6,16.875,-21,98964,3
553,0x51,0,1,434,428.7,16.879,-20,99143,3
554,0x51,0,1,445,430.3,16.942,-20,99322,3
555,0x51,0,2,450,434.7,17.115,-20,99501,4
556,0x51,0,3,446,438.1,17.248,-19,99680,4
557,0x51,0,2,449,441.4,17.377,-18,99859,4
558,0x51,0,2,445,442.8,17.432,-20,100038,4
559,0x51,0,3,447,444.0,17.482,-21,100217,4
560,0x51,0,3,443,444.3,17.493,-22,100396,4
561,0x51,0,2,442,443.9,17.477,-21,100575,4
562,0x51,0,3,447,443.6,17.466,-20,100754,4
563,0x51,0,2,450,444.7,17.506,-18,100933,4
564,0x51,0,3,449,446.0,17.557,-19,101112,4
565,0x51,0,3,450,447.2,17.605,-19,101291,4
566,0x51,0,3,450,448.0,17.639,-19,101471,4
567,0x51,0,1,449,448.6,17.662,-20,101650,4
568,0x51,0,1,450,449.0,17.678,-19,101829,4
569,0x51,0,3,449,449.0,17.678,-19,102008,4
570,0x51,0,2,450,449.3,17.69,-19,102187,4
571,0x51,0,2,451,449.5,17.698,-19,102366,4
572,0x51,0,3,448,449.7,17.703,-19,102545,4
573,0x51,0,3,450,449.8,17.707,-19,102724,4
574,0x51,0,2,449,449.5,17.698,-18,102903,4
575,0x51,0,3,446,449.4,17.692,-19,103082,4
576,0x51,0,2,450,449.3,17.687,-18,103261,4
577,0x51,0,3,450,449.5,17.696,-19,103440,4
578,0x51,0,2,452,449.6,17.702,-19,103619,4
579,0x51,0,3,447,449.7,17.707,-19,103798,4
580,0x51,0,1,449,449.5,17.698,-19,103977,4
581,0x51,0,1,446,448.8,17.668,-19,104156,4
582,0x51,0,2,450,448.8,17.671,-20,104335,4
583,0x51,0,3,449,448.9,17.673,-19,104514,4
584,0x51,0,2,451,449.2,17.686,-20,104693,4
585,0x51,0,2,450,449.5,17.695,-19,104872,4
586,0x51,0,2,453,449.9,17.713,-19,105051,4
587,0x51,0,1,449,449.9,17.714,-19,105230,4
588,0x51,0,3,447,449.7,17.703,-20,105409,4
589,0x51,0,2,451,449.5,17.695,-19,105588,4
590,0x51,0,3,451,449.9,17.714,-19,105767,4
591,0x51,0,1,450,450.2,17.726,-19,105946,4
592,0x51,0,3,452,450.5,17.735,-19,106125,4
593,0x51,0,2,451,450.6,17.741,-21,106304,4
594,0x51,0,2,448,450.7,17.746,-18,106483,4
595,0x51,0,3,452,450.8,17.749,-19,106662,4
596,0x51,0,3,449,450.3,17.727,-18,106842,4
597,0x51,0,2,448,449.9,17.712,-19,107021,4
598,0x51,0,3,452,449.6,17.702,-18,107200,4
599,0x51,0,2,449,449.4,17.694,-19,107379,4
600,0x51,0,2,451,449.9,17.713,-19,107558,4
601,0x51,0,3,451,450.2,17.726,-19,107737,4
602,0x51,0,3,453,450.5,17.735,-19,107916,4
603,0x51,0,3,453,451.2,17.765,-18,108095,4
604,0x51,0,3,449,451.8,17.786,-19,108274,4
605,0x51,0,2,450,451.2,17.765,-19,108453,4
606,0x51,0,3,450,450.9,17.75,-18,108632,4
607,0x51,0,2,453,450.6,17.74,-19,108811,4
608,0x51,0,1,449,450.4,17.733,-19,108990,4
609,0x51,0,2,442,450.0,17.716,-21,109169,4
610,0x51,0,2,447,449.1,17.681,-20,109348,4
611,0x51,0,2,440,447.0,17.597,-22,109527,4
612,0x51,0,2,437,444.9,17.515,-22,109706,4
613,0x51,0,2,450,443.4,17.457,-20,109885,4
614,0x51,0,1,444,443.6,17.464,-20,110064,4
615,0x51,0,2,441,443.7,17.469,-18,110243,4
616,0x51,0,1,446,443.8,17.472,-20,110422,4
617,0x51,0,1,452,444.5,17.498,-21,110601,4
618,0x51,0,3,451,446.4,17.576,-20,110780,4
619,0x51,0,3,448,447.8,17.63,-19,110959,4
620,0x51,0,3,449,448.2,17.644,-20,111138,4
621,0x51,0,2,449,448.4,17.654,-20,111317,4
622,0x51,0,2,443,448.6,17.661,-21,111496,4
623,0x51,0,2,450,448.7,17.666,-20,111675,4
624,0x51,0,3,453,449.1,17.681,-21,111854,4
625,0x51,0,2,453,450.3,17.727,-20,112033,4
626,0x51,0,2,453,451.1,17.759,-20,112212,4
627,0x51,0,2,455,451.7,17.782,-20,112391,4
628,0x51,0,4,451,452.1,17.798,-19,112571,4
629,0x51,0,1,442,451.7,17.785,-20,112750,4
630,0x51,0,3,451,451.5,17.776,-20,112929,4
631,0x51,0,3,447,450.2,17.723,-19,113109,4
632,0x51,0,3,457,450.4,17.733,-21,113288,4
633,0x51,0,2,451,450.6,17.74,-18,113467,4
634,0x51,0,2,446,450.7,17.745,-21,113646,4
635,0x51,0,2,454,450.8,17.748,-20,113825,4
636,0x51,0,2,452,451.2,17.762,-20,114004,4
637,0x51,0,2,450,451.4,17.772,-20,114183,4
638,0x51,0,2,450,451.0,17.755,-19,114362,4
639,0x51,0,2,441,450.7,17.744,-19,114541,4
640,0x51,0,3,449,450.2,17.724,-20,114720,4
641,0x51,0,3,450,449.8,17.71,-19,114899,4
642,0x51,0,2,450,449.9,17.712,-22,115078,4
643,0x51,0,2,449,449.9,17.713,-17,115257,4
644,0x51,0,1,501,449.9,17.714,-17,115436,4
645,0x51,0,3,452,450.6,17.739,-21,115615,4
646,0x51,0,4,455,451.9,17.791,-20,115794,4
647,0x51,0,3,455,452.8,17.828,-20,115973,4
648,0x51,0,1,503,453.5,17.853,-17,116152,4
649,0x51,0,2,451,453.9,17.871,-20,116331,4
650,0x51,0,2,451,453.1,17.837,-20,116510,4
651,0x51,0,2,453,452.4,17.812,-21,116689,4
652,0x51,0,2,455,452.6,17.819,-21,116868,4
653,0x51,0,2,456,453.3,17.847,-21,117047,4
654,0x51,0,2,453,453.8,17.867,-20,117226,4
655,0x51,0,2,454,453.9,17.869,-20,117405,4
656,0x51,0,4,452,453.6,17.859,-19,117585,4
657,0x51,0,2,455,453.7,17.863,-21,117764,4
658,0x51,0,2,453,453.5,17.855,-20,117943,4
659,0x51,0,2,453,453.4,17.849,-20,118122,4
660,0x51,0,2,456,453.3,17.845,-20,118301,4
661,0x51,0,2,454,453.5,17.853,-21,118480,4
662,0x51,0,3,451,453.6,17.86,-20,118660,4
663,0x51,0,3,452,453.1,17.84,-21,118839,4
664,0x51,0,3,451,452.5,17.815,-20,119018,4
665,0x51,0,2,454,452.4,17.809,-21,119197,4
666,0x51,0,2,452,452.2,17.805,-20,119376,4
667,0x51,0,2,452,452.2,17.802,-20,119555,4
668,0x51,0,2,451,452.1,17.8,-20,119734,4
669,0x51,0,2,453,452.1,17.799,-20,119913,4
670,0x51,0,3,454,452.4,17.809,-19,120092,4
671,0x51,0,2,453,452.6,17.817,-20,120271,4
672,0x51,0,2,452,452.7,17.822,-20,120450,4
673,0x51,0,2,454,452.8,17.826,-19,120629,4
674,0x51,0,2,452,452.5,17.817,-20,120808,4
675,0x51,0,2,451,452.4,17.81,-20,120987,4
676,0x51,0,3,451,452.0,17.794,-20,121166,4
677,0x51,0,2,453,451.7,17.783,-20,121345,4
