frame id,address,retcode,numDistances,raw_mm,medianEMA_mm,medianEMA_in,p0 str,time now,LED status
251,0x51,0,1,447,439.5,17.304,-17,45024,4
252,0x51,0,1,444,441.2,17.369,-17,45203,4
253,0x51,0,2,401,442.0,17.402,-24,45382,4
254,0x51,0,1,449,442.6,17.426,-17,45561,4
255,0x51,0,1,401,430.1,16.934,-22,45740,3
256,0x51,0,1,450,435.8,17.157,-17,45919,4
257,0x51,0,1,445,438.6,17.266,-19,46098,4
258,0x51,0,1,446,440.8,17.354,-17,46277,4
259,0x51,0,1,445,442.1,17.404,-17,46456,4
260,0x51,0,1,449,443.2,17.45,-17,46635,4
261,0x51,0,1,443,443.8,17.471,-18,46814,4
262,0x51,0,2,446,444.4,17.497,-18,46993,4
263,0x51,0,2,401,444.0,17.48,-25,47172,4
264,0x51,0,2,355,431.1,16.973,-25,47351,3
265,0x51,0,1,403,422.1,16.617,-22,47530,3
266,0x51,0,1,404,416.4,16.392,-24,47709,3
267,0x51,0,1,402,412.3,16.234,-23,47888,3
268,0x51,0,2,355,409.2,16.112,-26,48067,3
269,0x51,0,1,397,405.6,15.967,-25,48246,3
270,0x51,0,2,354,390.4,15.37,-26,48425,3
271,0x51,0,1,402,392.4,15.448,-23,48604,3
272,0x51,0,1,404,395.3,15.562,-26,48783,3
273,0x51,0,1,359,397.3,15.641,-26,48962,3
274,0x51,0,2,351,385.8,15.189,-28,49141,3
275,0x51,0,3,392,377.8,14.872,-25,49320,2
276,0x51,0,1,385,379.9,14.958,-25,49499,2
277,0x51,0,3,356,381.5,15.018,-27,49678,3
278,0x51,0,3,354,373.8,14.717,-28,49857,2
279,0x51,0,4,352,367.9,14.483,-28,50036,2
280,0x51,0,1,403,363.7,14.319,-22,50215,2
281,0x51,0,1,400,374.6,14.748,-23,50394,2
282,0x51,0,1,400,382.2,15.048,-23,50573,3
283,0x51,0,2,400,387.6,15.258,-24,50752,3
284,0x51,0,0,-1,387.6,15.258,0,50930,3
285,0x51,0,1,402,391.3,15.405,-25,51111,3
286,0x51,0,3,400,393.9,15.508,-24,51290,3
287,0x51,0,2,356,395.7,15.58,-27,51469,3
288,0x51,0,1,401,397.0,15.63,-24,51648,3
289,0x51,0,2,399,397.6,15.654,-26,51827,3
290,0x51,0,2,401,398.6,15.694,-22,52006,3
291,0x51,0,3,399,398.7,15.698,-25,52185,3
292,0x51,0,2,404,399.4,15.725,-26,52364,3
293,0x51,0,1,400,399.6,15.732,-25,52543,3
294,0x51,0,1,401,400.0,15.749,-25,52722,3
295,0x51,0,2,401,400.3,15.76,-25,52901,3
296,0x51,0,2,400,400.5,15.768,-23,53080,3
297,0x51,0,2,399,400.4,15.762,-24,53259,3
298,0x51,0,1,397,400.0,15.746,-26,53438,3
299,0x51,0,2,405,399.7,15.735,-25,53617,3
300,0x51,0,2,401,400.1,15.751,-25,53796,3
301,0x51,0,2,400,400.3,15.762,-26,53975,3
302,0x51,0,1,401,400.5,15.769,-24,54154,3
303,0x51,0,1,405,400.7,15.775,-25,54333,3
304,0x51,0,1,398,400.8,15.779,-25,54512,3
305,0x51,0,2,399,400.2,15.758,-24,54691,3
306,0x51,0,2,399,399.9,15.743,-24,54870,3
307,0x51,0,2,399,399.6,15.733,-25,55049,3
308,0x51,0,3,398,399.4,15.725,-25,55228,3
309,0x51,0,2,401,399.3,15.72,-25,55407,3
310,0x51,0,2,401,399.8,15.741,-24,55586,3
311,0x51,0,2,399,400.2,15.755,-26,55765,3
312,0x51,0,1,402,400.4,15.764,-26,55944,3
313,0x51,0,2,401,400.6,15.771,-26,56123,3
314,0x51,0,1,445,401.0,15.788,-20,56302,3
315,0x51,0,3,403,401.6,15.811,-26,56481,3
316,0x51,0,2,400,402.0,15.828,-24,56660,3
317,0x51,0,2,446,402.3,15.839,-20,56839,3
318,0x51,0,2,402,402.2,15.836,-25,57018,3
319,0x51,0,2,400,402.2,15.833,-27,57197,3
320,0x51,0,2,401,401.8,15.819,-26,57376,3
321,0x51,0,1,447,401.6,15.81,-20,57555,3
322,0x51,0,2,447,415.2,16.346,-20,57734,3
323,0x51,0,1,448,424.7,16.722,-20,57913,3
324,0x51,0,1,449,431.7,16.997,-20,58092,3
325,0x51,0,1,399,436.6,17.189,-26,58271,4
326,0x51,0,2,401,425.9,16.769,-25,58450,3
327,0x51,0,2,400,418.1,16.462,-27,58629,3
328,0x51,0,1,447,413.0,16.26,-21,58808,3
329,0x51,0,2,400,409.1,16.106,-26,58987,3
330,0x51,0,1,400,406.4,15.999,-27,59166,3
331,0x51,0,1,447,404.5,15.924,-19,59345,3
332,0x51,0,1,402,403.7,15.895,-26,59524,3
333,0x51,0,2,400,403.2,15.874,-26,59703,3
334,0x51,0,1,448,402.8,15.86,-18,59882,3
335,0x51,0,2,401,402.3,15.838,-26,60061,3
336,0x51,0,1,445,415.1,16.343,-20,60240,3
337,0x51,0,1,447,424.1,16.696,-19,60419,3
338,0x51,0,1,449,431.0,16.967,-18,60598,3
339,0x51,0,1,445,435.8,17.156,-19,60777,4
340,0x51,0,2,400,438.5,17.265,-26,60956,4
341,0x51,0,1,447,440.5,17.342,-19,61135,4
342,0x51,0,1,448,442.4,17.419,-19,61314,4
343,0x51,0,1,447,443.8,17.473,-20,61493,4
344,0x51,0,1,450,445.1,17.522,-20,61672,4
345,0x51,0,1,448,445.9,17.557,-20,61851,4
346,0x51,0,2,397,446.6,17.581,-26,62030,4
347,0x51,0,2,393,431.7,16.996,-26,62209,3
348,0x51,0,1,446,421.3,16.586,-18,62388,3
349,0x51,0,1,445,428.4,16.866,-19,62567,3
350,0x51,0,1,446,433.7,17.074,-19,62746,4
351,0x51,0,1,448,437.4,17.22,-20,62925,4
352,0x51,0,1,447,440.3,17.333,-20,63104,4
353,0x51,0,1,444,442.3,17.413,-19,63283,4
354,0x51,0,2,398,442.8,17.433,-25,63462,4
355,0x51,0,1,445,443.2,17.447,-20,63641,4
356,0x51,0,1,444,443.4,17.457,-18,63820,4
357,0x51,0,1,442,443.6,17.464,-19,63999,4
358,0x51,0,1,449,443.7,17.469,-18,64178,4
359,0x51,0,1,447,444.7,17.508,-17,64357,4
360,0x51,0,1,444,445.4,17.535,-17,64536,4
361,0x51,0,1,443,445.0,17.519,-17,64715,4
362,0x51,0,1,445,444.7,17.507,-18,64894,4
363,0x51,0,1,445,444.8,17.511,-19,65073,4
364,0x51,0,1,445,444.8,17.514,-16,65252,4
365,0x51,0,1,444,444.9,17.515,-18,65431,4
366,0x51,0,2,357,444.6,17.505,-24,65610,4
367,0x51,0,1,445,444.4,17.497,-19,65789,4
368,0x51,0,1,447,444.6,17.504,-18,65968,4
369,0x51,0,1,447,445.3,17.532,-19,66147,4
370,0x51,0,1,445,445.8,17.552,-19,66326,4
371,0x51,0,2,444,445.6,17.542,-17,66505,4
372,0x51,0,1,445,445.4,17.536,-19,66684,4
373,0x51,0,1,448,445.3,17.531,-18,66863,4
374,0x51,0,1,444,445.2,17.528,-18,67042,4
375,0x51,0,2,393,444.8,17.513,-28,67221,4
376,0x51,0,1,444,444.6,17.503,-17,67400,4
377,0x51,0,1,446,444.4,17.497,-17,67579,4
378,0x51,0,2,387,444.3,17.492,-26,67758,4
379,0x51,0,1,445,444.5,17.5,-17,67937,4
380,0x51,0,1,445,444.7,17.506,-17,68116,4
381,0x51,0,1,445,444.8,17.51,-17,68295,4
382,0x51,0,1,442,444.8,17.513,-17,68474,4
383,0x51,0,1,443,444.3,17.491,-19,68653,4
384,0x51,0,1,444,443.9,17.476,-19,68832,4
385,0x51,0,1,444,443.9,17.477,-18,69011,4
386,0x51,0,1,445,443.9,17.478,-18,69190,4
387,0x51,0,1,447,444.3,17.491,-18,69369,4
388,0x51,0,1,446,444.8,17.511,-19,69548,4
389,0x51,0,1,448,445.4,17.537,-18,69727,4
390,0x51,0,1,450,446.2,17.568,-18,69906,4
391,0x51,0,1,447,446.8,17.589,-18,70085,4
392,0x51,0,1,446,446.8,17.592,-17,70264,4
393,0x51,0,1,445,446.6,17.582,-17,70443,4
394,0x51,0,1,443,446.1,17.563,-18,70622,4
395,0x51,0,1,444,445.5,17.538,-16,70801,4
396,0x51,0,1,446,445.0,17.521,-16,70980,4
397,0x51,0,1,443,444.7,17.509,-16,71159,4
398,0x51,0,1,444,444.5,17.5,-17,71338,4
399,0x51,0,1,446,444.4,17.494,-19,71517,4
400,0x51,0,1,445,444.5,17.502,-16,71696,4
401,0x51,0,1,445,444.7,17.507,-16,71875,4
402,0x51,0,1,445,444.8,17.511,-16,72054,4
403,0x51,0,1,447,444.8,17.514,-19,72233,4
404,0x51,0,1,444,444.9,17.515,-17,72412,4
405,0x51,0,1,443,444.6,17.505,-16,72591,4
406,0x51,0,1,443,444.1,17.486,-17,72770,4
407,0x51,0,1,445,443.8,17.472,-18,72949,4
408,0x51,0,1,438,443.6,17.463,-17,73128,4
409,0x51,0,1,444,443.7,17.468,-17,73307,4
410,0x51,0,1,442,443.2,17.448,-16,73486,4
411,0x51,0,1,442,442.8,17.434,-17,73665,4
412,0x51,0,1,447,442.6,17.424,-18,73844,4
413,0x51,0,1,444,443.0,17.441,-17,74023,4
414,0x51,0,1,448,444.2,17.488,-18,74202,4
415,0x51,0,1,447,445.0,17.521,-18,74381,4
416,0x51,0,1,446,445.6,17.544,-17,74560,4
417,0x51,0,1,445,445.7,17.549,-18,74739,4
418,0x51,0,1,446,445.8,17.552,-18,74918,4
