frame id,address,retcode,numDistances,raw_mm,medianEMA_mm,medianEMA_in,p0 str,time now,LED status
878,0x51,0,1,327,341.0,13.426,-20,154634,2
879,0x51,0,1,364,334.0,13.15,-24,154810,2
880,0x51,0,1,331,332.5,13.091,-17,154986,2
881,0x51,0,1,401,348.3,13.711,-20,155162,2
882,0x51,0,2,278,339.6,13.371,-26,155338,2
883,0x51,0,2,299,319.3,12.571,-28,155514,1
884,0x51,0,1,401,309.2,12.172,-19,155690,1
885,0x51,0,1,412,355.1,13.979,-18,155866,2
886,0x51,0,2,288,378.0,14.883,-27,156042,2
887,0x51,0,2,297,337.5,13.288,-22,156218,2
888,0x51,0,2,344,317.3,12.491,-22,156394,1
889,0x51,0,2,296,307.1,12.092,-22,156570,1
890,0x51,0,1,308,307.6,12.109,-20,156746,1
891,0x51,0,1,321,307.8,12.117,-18,156922,1
892,0x51,0,1,315,311.4,12.259,-26,157098,1
893,0x51,0,1,408,316.2,12.449,-21,157274,1
894,0x51,0,2,304,315.6,12.425,-24,157450,1
895,0x51,0,1,361,338.3,13.319,-18,157626,2
896,0x51,0,3,359,348.6,13.726,-22,157802,2
897,0x51,0,2,376,354.8,13.969,-22,157978,2
898,0x51,0,1,414,365.4,14.386,-20,158154,2
899,0x51,0,2,400,382.7,15.067,-18,158330,3
900,0x51,0,1,390,391.4,15.408,-19,158506,3
901,0x51,0,1,431,395.7,15.578,-18,158682,3
902,0x51,0,1,432,413.3,16.273,-22,158858,3
903,0x51,0,1,450,422.7,16.641,-21,159034,3
904,0x51,0,1,296,427.3,16.824,-26,159210,3
905,0x51,0,1,282,361.7,14.239,-22,159386,2
906,0x51,0,0,-1,361.7,14.239,0,159561,2
907,0x51,0,0,-1,361.7,14.239,0,159739,2
908,0x51,0,2,291,326.3,12.848,-29,159918,1
909,0x51,0,1,257,304.2,11.975,-26,160094,1
910,0x51,0,1,279,291.6,11.48,-22,160270,1
911,0x51,0,1,319,285.3,11.232,-19,160446,1
912,0x51,0,1,275,282.1,11.108,-30,160622,1
913,0x51,0,2,313,297.6,11.715,-19,160798,1
914,0x51,0,2,317,305.3,12.019,-21,160974,1
915,0x51,0,2,299,309.1,12.171,-29,161150,1
916,0x51,0,1,365,313.1,12.326,-19,161326,1
917,0x51,0,1,243,306.0,12.049,-29,161502,1
918,0x51,0,1,368,335.5,13.209,-18,161678,2
919,0x51,0,1,380,351.8,13.849,-20,161854,2
920,0x51,0,2,350,359.9,14.168,-24,162030,2
921,0x51,0,1,373,366.4,14.427,-20,162206,2
922,0x51,0,1,322,358.2,14.103,-19,162382,2
923,0x51,0,1,358,358.1,14.099,-20,162558,2
924,0x51,0,2,378,358.1,14.097,-23,162734,2
925,0x51,0,2,398,368.0,14.489,-26,162910,2
926,0x51,0,1,359,373.0,14.686,-20,163086,2
927,0x51,0,2,337,366.0,14.41,-29,163262,2
928,0x51,0,1,363,362.5,14.272,-20,163438,2
929,0x51,0,1,277,349.8,13.77,-25,163614,2
930,0x51,0,2,285,317.4,12.495,-22,163790,1
931,0x51,0,2,440,301.2,11.858,-21,163966,1
932,0x51,0,2,369,335.1,13.193,-24,164142,2
933,0x51,0,1,359,352.0,13.86,-24,164318,2
934,0x51,0,2,337,355.5,13.997,-18,164494,2
935,0x51,0,2,320,346.3,13.632,-23,164670,2
936,0x51,0,2,369,341.6,13.45,-15,164846,2
937,0x51,0,1,389,355.3,13.989,-24,165022,2
938,0x51,0,1,354,362.2,14.258,-23,165198,2
939,0x51,0,1,318,358.1,14.098,-24,165374,2
940,0x51,0,1,471,356.0,14.017,-20,165550,2
941,0x51,0,1,317,337.0,13.268,-28,165726,2
942,0x51,0,1,363,350.0,13.78,-20,165902,2
943,0x51,0,2,392,356.5,14.036,-22,166078,2
944,0x51,0,2,353,359.8,14.163,-22,166254,2
945,0x51,0,1,372,365.9,14.405,-20,166430,2
946,0x51,0,2,392,368.9,14.525,-18,166606,2
947,0x51,0,1,359,370.5,14.585,-27,166782,2
948,0x51,0,2,337,364.7,14.36,-21,166958,2
949,0x51,0,1,380,361.9,14.247,-20,167134,2
950,0x51,0,1,333,349.4,13.757,-27,167310,2
951,0x51,0,2,307,341.2,13.434,-19,167486,2
952,0x51,0,1,370,337.1,13.272,-20,167662,2
953,0x51,0,2,358,347.6,13.683,-20,167838,2
954,0x51,0,3,299,352.8,13.889,-24,168014,2
955,0x51,0,2,401,355.4,13.992,-22,168190,2
956,0x51,0,1,373,364.2,14.338,-24,168366,2
957,0x51,0,1,311,368.6,14.512,-30,168542,2
958,0x51,0,1,320,344.3,13.555,-21,168718,2
959,0x51,0,2,359,332.1,13.077,-22,168894,2
960,0x51,0,2,346,339.1,13.349,-24,169070,2
961,0x51,0,2,387,349.0,13.742,-23,169246,2
962,0x51,0,1,367,358.0,14.095,-24,169422,2
963,0x51,0,2,325,362.5,14.272,-20,169598,2
964,0x51,0,1,366,364.3,14.341,-20,169774,2
965,0x51,0,2,311,344.6,13.568,-27,169950,2
966,0x51,0,1,267,327.8,12.906,-21,170126,1
967,0x51,0,1,393,319.4,12.575,-23,170302,1
968,0x51,0,2,311,315.2,12.41,-21,170478,1
969,0x51,0,2,329,322.1,12.681,-24,170654,1
970,0x51,0,2,327,324.6,12.778,-22,170830,1
971,0x51,0,1,345,326.8,12.865,-24,171006,1
972,0x51,0,1,360,335.9,13.224,-16,171182,2
973,0x51,0,1,307,340.4,13.403,-23,171358,2
974,0x51,0,2,323,331.7,13.06,-21,171534,2
975,0x51,0,2,343,327.4,12.888,-24,171710,1
976,0x51,0,1,289,325.2,12.802,-18,171886,1
977,0x51,0,2,294,309.6,12.189,-28,172062,1
978,0x51,0,2,401,301.8,11.882,-21,172238,1
979,0x51,0,0,-1,301.8,11.882,0,172413,1
980,0x51,0,2,338,319.9,12.594,-26,172592,1
981,0x51,0,1,442,360.4,14.191,-16,172768,2
982,0x51,0,2,388,374.2,14.733,-26,172944,2
983,0x51,0,1,324,381.1,15.004,-24,173120,3
984,0x51,0,1,287,352.6,13.88,-31,173296,2
985,0x51,0,1,324,338.3,13.318,-19,173472,2
986,0x51,0,1,301,319.6,12.584,-21,173648,1
987,0x51,0,2,330,321.8,12.67,-26,173824,1
988,0x51,0,1,352,325.9,12.831,-23,174000,1
989,0x51,0,2,356,339.0,13.345,-20,174176,2
990,0x51,0,2,329,345.5,13.601,-23,174352,2
991,0x51,0,1,383,350.7,13.809,-21,174528,2
992,0x51,0,2,322,339.9,13.381,-22,174704,2
993,0x51,0,1,429,361.4,14.23,-20,174880,2
994,0x51,0,2,431,395.2,15.56,-18,175056,3
995,0x51,0,1,400,412.1,16.225,-19,175232,3
996,0x51,0,3,312,406.1,15.986,-26,175408,3
997,0x51,0,1,377,391.5,15.414,-17,175584,3
998,0x51,0,1,245,351.8,13.849,-33,175760,2
999,0x51,0,1,390,364.4,14.346,-19,175936,2
1000,0x51,0,3,296,330.2,13.0,-25,176112,1
1001,0x51,0,2,332,331.1,13.035,-21,176288,2
1002,0x51,0,1,409,331.5,13.053,-21,176464,2
1003,0x51,0,2,333,332.3,13.082,-25,176640,2
1004,0x51,0,2,340,336.1,13.234,-22,176816,2
1005,0x51,0,1,323,334.6,13.172,-19,176992,2
1006,0x51,0,1,313,328.8,12.944,-23,177168,1
1007,0x51,0,1,344,325.9,12.83,-20,177344,1
1008,0x51,0,1,315,320.4,12.616,-20,177520,1
1009,0x51,0,1,384,332.2,13.08,-23,177696,2
1010,0x51,0,1,367,349.6,13.764,-17,177872,2
1011,0x51,0,1,362,358.3,14.107,-19,178048,2
1012,0x51,0,1,315,360.2,14.179,-28,178224,2
1013,0x51,0,1,292,337.6,13.29,-18,178400,2
1014,0x51,0,1,297,317.3,12.492,-28,178576,1
1015,0x51,0,1,268,304.6,11.994,-20,178752,1
1016,0x51,0,1,352,300.8,11.843,-20,178928,1
1017,0x51,0,2,313,306.9,12.083,-22,179104,1
1018,0x51,0,1,292,310.0,12.203,-17,179280,1
1019,0x51,0,1,334,311.5,12.263,-26,179456,1
1020,0x51,0,0,-1,311.5,12.263,0,179631,1
1021,0x51,0,2,283,301.7,11.879,-28,179810,1
1022,0x51,0,1,279,292.4,11.511,-21,179986,1
1023,0x51,0,1,269,285.7,11.247,-26,180162,1
1024,0x51,0,1,284,282.3,11.116,-24,180338,1
1025,0x51,0,2,283,282.7,11.129,-23,180514,1
1026,0x51,0,2,304,283.3,11.155,-22,180690,1
1027,0x51,0,1,353,293.7,11.562,-21,180866,1
1028,0x51,0,1,390,323.3,12.73,-21,181042,1
1029,0x51,0,1,339,338.2,13.314,-21,181218,2
1030,0x51,0,1,303,338.6,13.33,-25,181394,2
1031,0x51,0,2,335,336.8,13.26,-21,181570,2
1032,0x51,0,1,303,319.9,12.594,-21,181746,1
1033,0x51,0,1,358,327.4,12.892,-22,181922,1
1034,0x51,0,1,367,342.7,13.493,-22,182098,2
1035,0x51,0,1,275,350.4,13.794,-18,182274,2
1036,0x51,0,1,368,358.7,14.121,-24,182450,2
1037,0x51,0,1,344,351.3,13.832,-19,182626,2
1038,0x51,0,1,350,350.7,13.806,-17,182802,2
1039,0x51,0,2,320,347.3,13.675,-20,182978,2
1040,0x51,0,1,349,348.2,13.707,-24,183154,2
1041,0x51,0,2,351,348.6,13.724,-21,183330,2
1042,0x51,0,2,350,349.3,13.752,-23,183506,2
1043,0x51,0,0,-1,349.3,13.752,0,183681,2
1044,0x51,0,2,302,349.6,13.766,-32,183860,2
1045,0x51,0,1,328,338.8,13.339,-31,184036,2
1046,0x51,0,1,344,333.4,13.126,-25,184212,2
1047,0x51,0,1,328,330.7,13.02,-23,184388,2
1048,0x51,0,1,333,331.9,13.065,-21,184564,2
1049,0x51,0,1,308,329.9,12.989,-20,184740,1
1050,0x51,0,1,314,322.0,12.676,-25,184916,1
1051,0x51,0,1,275,315.0,12.401,-22,185092,1
1052,0x51,0,1,256,295.0,11.614,-25,185268,1
1053,0x51,0,1,331,285.0,11.22,-18,185444,1
1054,0x51,0,1,295,290.0,11.417,-21,185620,1
1055,0x51,0,1,321,305.5,12.028,-18,185796,1
1056,0x51,0,2,290,300.2,11.821,-23,185972,1
1057,0x51,0,1,301,300.6,11.836,-21,186148,1
1058,0x51,0,1,288,295.3,11.626,-25,186324,1
1059,0x51,0,2,286,291.7,11.483,-23,186500,1
1060,0x51,0,2,288,289.8,11.411,-24,186676,1
1061,0x51,0,1,293,288.9,11.375,-23,186852,1
