frame id,address,retcode,numDistances,raw_mm,medianEMA_mm,medianEMA_in,p0 str,time now,LED status
104,0x51,0,2,330,347.6,13.685,-24,20205,2
105,0x51,0,1,398,343.8,13.536,-23,20382,2
106,0x51,0,1,307,336.9,13.264,-18,20559,2
107,0x51,0,1,312,324.5,12.774,-23,20736,1
108,0x51,0,1,354,318.2,12.529,-16,20913,1
109,0x51,0,1,366,336.1,13.233,-16,21089,2
110,0x51,0,3,271,345.1,13.585,-26,21266,2
111,0x51,0,1,291,318.0,12.521,-19,21442,1
112,0x51,0,2,337,304.5,11.989,-21,21619,1
113,0x51,0,2,324,314.3,12.372,-22,21796,1
114,0x51,0,1,320,319.1,12.564,-22,21973,1
115,0x51,0,2,258,319.6,12.581,-24,22150,1
116,0x51,0,2,267,293.3,11.547,-27,22327,1
117,0x51,0,1,241,275.6,10.852,-30,22504,1
118,0x51,0,1,295,271.3,10.682,-21,22681,1
119,0x51,0,1,288,279.7,11.01,-25,22858,1
120,0x51,0,2,288,283.8,11.174,-20,23035,1
121,0x51,0,1,353,285.9,11.256,-19,23212,1
122,0x51,0,3,294,290.0,11.416,-22,23389,1
123,0x51,0,2,376,321.5,12.657,-20,23566,1
124,0x51,0,1,339,330.2,13.002,-21,23743,2
125,0x51,0,1,349,339.6,13.371,-25,23920,2
126,0x51,0,2,395,344.3,13.556,-23,24097,2
127,0x51,0,1,390,367.2,14.455,-20,24274,2
128,0x51,0,1,385,378.6,14.905,-18,24450,2
129,0x51,0,1,340,381.8,15.031,-21,24627,3
130,0x51,0,1,356,368.9,14.523,-24,24804,2
131,0x51,0,1,335,354.4,13.955,-30,24981,2
132,0x51,0,2,291,344.7,13.572,-27,25158,2
133,0x51,0,1,348,339.9,13.38,-24,25335,2
134,0x51,0,0,-1,339.9,13.38,0,25510,2
135,0x51,0,1,435,343.9,13.541,-21,25690,2
136,0x51,0,2,304,346.0,13.621,-24,25867,2
137,0x51,0,2,254,325.0,12.795,-29,26044,1
138,0x51,0,1,312,314.5,12.382,-16,26221,1
139,0x51,0,2,282,298.2,11.742,-20,26398,1
140,0x51,0,1,283,290.6,11.442,-23,26575,1
141,0x51,0,2,301,286.8,11.292,-23,26752,1
142,0x51,0,1,326,293.9,11.571,-22,26929,1
143,0x51,0,1,339,310.0,12.203,-18,27106,1
144,0x51,0,2,271,318.0,12.519,-29,27283,1
145,0x51,0,2,299,308.5,12.145,-27,27460,1
146,0x51,0,1,356,303.7,11.958,-18,27637,1
147,0x51,0,1,330,316.9,12.475,-21,27814,1
148,0x51,0,1,399,336.4,13.246,-23,27991,2
149,0x51,0,1,375,355.7,14.005,-21,28168,2
150,0x51,0,1,328,365.4,14.384,-22,28345,2
151,0x51,0,1,381,370.2,14.574,-23,28522,2
152,0x51,0,0,-1,370.2,14.574,0,28698,2
153,0x51,0,1,367,368.6,14.511,-21,28878,2
154,0x51,0,1,365,367.8,14.48,-23,29054,2
155,0x51,0,2,320,366.4,14.425,-24,29231,2
156,0x51,0,1,292,343.2,13.512,-23,29408,2
157,0x51,0,3,301,322.1,12.681,-23,29585,1
158,0x51,0,2,330,311.5,12.266,-22,29762,1
159,0x51,0,1,498,320.8,12.629,-19,29938,1
160,0x51,0,1,432,376.4,14.818,-22,30114,2
161,0x51,0,1,351,404.2,15.913,-24,30291,3
162,0x51,0,2,374,389.1,15.319,-24,30468,3
163,0x51,0,2,344,370.0,14.569,-22,30645,2
164,0x51,0,1,355,362.5,14.273,-20,30822,2
165,0x51,0,2,367,358.8,14.124,-18,30999,2
166,0x51,0,1,367,362.9,14.287,-19,31176,2
167,0x51,0,1,327,364.9,14.368,-26,31353,2
168,0x51,0,1,446,366.0,14.408,-20,31530,2
169,0x51,0,1,344,355.0,13.976,-22,31707,2
170,0x51,0,2,360,357.5,14.075,-25,31884,2
171,0x51,0,1,350,353.7,13.927,-23,32060,2
172,0x51,0,2,341,351.9,13.853,-20,32237,2
173,0x51,0,1,428,350.9,13.816,-21,32413,2
174,0x51,0,1,380,365.5,14.389,-24,32589,2
175,0x51,0,2,346,372.7,14.675,-23,32766,2
176,0x51,0,2,326,359.4,14.148,-27,32943,2
177,0x51,0,2,342,350.7,13.806,-19,33120,2
178,0x51,0,1,348,346.3,13.636,-23,33296,2
179,0x51,0,2,362,347.2,13.668,-25,33473,2
180,0x51,0,2,396,354.6,13.96,-22,33649,2
181,0x51,0,1,288,358.3,14.106,-25,33825,2
182,0x51,0,1,389,373.6,14.71,-19,34002,2
183,0x51,0,2,322,347.8,13.694,-28,34179,2
184,0x51,0,2,319,334.9,13.185,-26,34356,2
185,0x51,0,2,326,328.5,12.931,-26,34533,1
186,0x51,0,2,287,323.7,12.745,-24,34710,1
187,0x51,0,1,402,324.9,12.79,-22,34887,1
188,0x51,0,1,371,347.9,13.698,-29,35063,2
189,0x51,0,0,-1,347.9,13.698,0,35238,2
190,0x51,0,1,372,360.0,14.172,-19,35417,2
191,0x51,0,2,313,365.5,14.389,-18,35594,2
192,0x51,0,1,359,362.2,14.261,-20,35771,2
193,0x51,0,1,282,337.6,13.292,-23,35948,2
194,0x51,0,2,232,309.8,12.197,-24,36125,1
195,0x51,0,1,317,295.9,11.65,-21,36302,1
196,0x51,0,1,328,306.5,12.065,-22,36479,1
197,0x51,0,2,349,317.2,12.489,-23,36656,1
198,0x51,0,2,316,322.6,12.701,-22,36833,1
199,0x51,0,1,389,335.8,13.221,-18,37010,2
200,0x51,0,1,364,349.9,13.776,-20,37187,2
201,0x51,0,2,333,357.0,14.053,-25,37364,2
202,0x51,0,1,442,360.5,14.192,-21,37540,2
203,0x51,0,2,311,346.7,13.651,-26,37717,2
204,0x51,0,1,357,351.9,13.853,-18,37893,2
205,0x51,0,2,418,354.4,13.954,-19,38070,2
206,0x51,0,1,438,386.2,15.205,-19,38246,3
207,0x51,0,2,339,402.1,15.831,-27,38423,3
208,0x51,0,2,389,395.6,15.573,-23,38600,3
209,0x51,0,1,434,392.3,15.444,-14,38776,3
210,0x51,0,2,368,390.6,15.379,-26,38953,3
211,0x51,0,2,324,379.3,14.934,-23,39130,2
212,0x51,0,2,362,370.7,14.593,-20,39307,2
213,0x51,0,1,286,347.3,13.674,-28,39484,2
214,0x51,0,1,341,344.2,13.55,-23,39660,2
215,0x51,0,2,339,341.6,13.448,-20,39837,2
216,0x51,0,1,357,341.3,13.437,-21,40014,2
217,0x51,0,2,326,340.1,13.392,-29,40191,2
218,0x51,0,1,321,333.1,13.113,-26,40368,2
219,0x51,0,3,335,329.5,12.974,-21,40545,1
220,0x51,0,2,350,332.3,13.081,-22,40722,2
221,0x51,0,2,383,341.1,13.43,-23,40899,2
222,0x51,0,1,407,362.1,14.255,-23,41076,2
223,0x51,0,1,344,372.5,14.667,-23,41253,2
224,0x51,0,1,358,365.3,14.381,-22,41429,2
225,0x51,0,1,309,354.6,13.962,-25,41606,2
226,0x51,0,1,339,346.8,13.654,-20,41782,2
227,0x51,0,1,384,342.9,13.5,-19,41959,2
228,0x51,0,2,316,341.0,13.423,-25,42136,2
229,0x51,0,1,398,362.5,14.271,-20,42313,2
230,0x51,0,2,358,360.2,14.183,-27,42490,2
231,0x51,0,2,330,359.1,14.139,-27,42667,2
232,0x51,0,1,336,347.6,13.683,-17,42844,2
233,0x51,0,2,299,338.8,13.338,-25,43021,2
234,0x51,0,1,337,337.4,13.283,-15,43198,2
235,0x51,0,2,329,333.2,13.118,-19,43375,2
236,0x51,0,1,340,335.1,13.193,-23,43552,2
237,0x51,0,2,340,337.5,13.289,-25,43729,2
238,0x51,0,2,327,338.8,13.338,-22,43906,2
239,0x51,0,1,342,339.4,13.362,-25,44082,2
240,0x51,0,1,245,333.2,13.118,-28,44259,2
241,0x51,0,1,280,306.6,12.071,-22,44436,1
242,0x51,0,1,263,284.8,11.213,-27,44613,1
243,0x51,0,2,268,276.4,10.882,-24,44790,1
244,0x51,0,1,302,272.2,10.717,-21,44967,1
245,0x51,0,1,278,275.1,10.831,-28,45143,1
246,0x51,0,2,281,278.0,10.947,-26,45320,1
247,0x51,0,1,407,279.5,11.005,-23,45496,1
248,0x51,0,1,315,297.3,11.703,-20,45673,1
249,0x51,0,1,279,306.1,12.052,-25,45849,1
250,0x51,0,2,261,292.6,11.518,-21,46026,1
251,0x51,0,2,275,283.8,11.173,-25,46203,1
252,0x51,0,2,233,272.4,10.724,-28,46380,1
253,0x51,0,1,318,273.7,10.775,-20,46557,1
254,0x51,0,2,417,295.8,11.648,-21,46734,1
255,0x51,0,2,356,325.9,12.832,-22,46911,1
256,0x51,0,2,363,344.5,13.561,-22,47088,2
257,0x51,0,1,362,353.2,13.907,-19,47264,2
258,0x51,0,1,358,357.6,14.079,-19,47441,2
259,0x51,0,2,303,357.8,14.087,-26,47617,2
260,0x51,0,3,321,339.4,13.362,-26,47794,2
261,0x51,0,1,421,330.2,13.0,-17,47970,2
262,0x51,0,1,279,325.6,12.819,-20,48146,1
263,0x51,0,1,322,323.8,12.748,-22,48323,1
264,0x51,0,1,335,322.9,12.713,-22,48499,1
265,0x51,0,2,314,322.5,12.695,-19,48676,1
266,0x51,0,2,320,321.2,12.647,-24,48853,1
267,0x51,0,1,287,317.6,12.504,-24,49029,1
268,0x51,0,1,356,318.8,12.551,-23,49206,1
269,0x51,0,1,376,337.4,13.284,-16,49382,2
270,0x51,0,1,321,346.7,13.65,-24,49559,2
271,0x51,0,2,328,337.4,13.282,-30,49736,2
272,0x51,0,2,343,332.7,13.097,-26,49912,2
273,0x51,0,1,297,330.3,13.005,-25,50088,2
274,0x51,0,1,306,318.2,12.526,-22,50265,1
275,0x51,0,1,311,312.1,12.287,-22,50441,1
276,0x51,0,2,276,309.0,12.167,-24,50618,1
277,0x51,0,1,308,308.5,12.147,-22,50794,1
278,0x51,0,1,248,292.3,11.506,-25,50970,1
279,0x51,0,2,226,270.1,10.635,-32,51147,1
280,0x51,0,1,234,252.1,9.924,-29,51323,1
281,0x51,0,2,343,243.0,9.568,-21,51498,1
282,0x51,0,1,335,289.0,11.379,-26,51673,1
283,0x51,0,1,266,312.0,12.284,-27,51850,1
284,0x51,0,1,304,308.0,12.126,-22,52027,1
