frame id,address,retcode,numDistances,raw_mm,medianEMA_mm,medianEMA_in,p0 str,time now,LED status
13,0x51,0,1,361,363.3,14.305,-16,2433,2
14,0x51,0,1,361,362.6,14.277,-16,2612,2
15,0x51,0,2,340,362.1,14.258,-17,2791,2
16,0x51,0,3,196,355.5,13.996,-25,2970,2
17,0x51,0,2,338,350.3,13.789,-23,3149,2
18,0x51,0,2,345,346.6,13.645,-21,3328,2
19,0x51,0,1,340,344.6,13.567,-16,3507,2
20,0x51,0,2,321,343.2,13.513,-17,3686,2
21,0x51,0,1,334,340.5,13.404,-17,3865,2
22,0x51,0,1,337,338.5,13.328,-19,4044,2
23,0x51,0,1,346,338.1,13.31,-19,4223,2
24,0x51,0,1,330,337.7,13.297,-13,4402,2
25,0x51,0,1,332,336.0,13.229,-15,4581,2
26,0x51,0,2,330,334.2,13.158,-19,4760,2
27,0x51,0,1,318,333.0,13.108,-23,4939,2
28,0x51,0,1,305,328.5,12.932,-15,5118,1
29,0x51,0,1,306,321.7,12.666,-15,5297,1
30,0x51,0,1,300,316.7,12.469,-15,5476,1
31,0x51,0,1,299,311.7,12.271,-9,5655,1
32,0x51,0,1,297,307.9,12.122,-10,5834,1
33,0x51,0,1,302,305.2,12.017,-9,6013,1
34,0x51,0,1,303,304.3,11.979,-25,6192,1
35,0x51,0,1,303,303.9,11.964,-11,6371,1
36,0x51,0,1,310,303.6,11.953,-22,6550,1
37,0x51,0,2,308,304.9,12.005,-16,6729,1
38,0x51,0,2,309,306.2,12.053,-14,6908,1
39,0x51,0,2,308,306.7,12.075,-14,7087,1
40,0x51,0,2,307,307.1,12.09,-14,7266,1
41,0x51,0,2,303,307.1,12.089,-17,7445,1
42,0x51,0,2,310,307.0,12.088,-13,7624,1
43,0x51,0,2,317,307.9,12.123,-9,7803,1
44,0x51,0,1,312,309.2,12.171,-12,7982,1
45,0x51,0,1,314,310.6,12.229,-12,8161,1
46,0x51,0,1,317,311.6,12.269,-10,8340,1
47,0x51,0,2,318,313.2,12.332,-9,8519,1
48,0x51,0,1,318,314.7,12.388,-10,8698,1
49,0x51,0,1,318,315.7,12.428,-10,8877,1
50,0x51,0,1,319,316.4,12.455,-9,9056,1
51,0x51,0,2,319,317.2,12.486,-9,9235,1
52,0x51,0,1,319,317.7,12.508,-8,9414,1
53,0x51,0,1,322,318.1,12.523,-7,9593,1
54,0x51,0,2,322,319.3,12.57,-6,9772,1
55,0x51,0,1,322,320.1,12.602,-7,9951,1
56,0x51,0,2,319,320.7,12.624,-9,10130,1
57,0x51,0,2,319,320.2,12.605,-9,10309,1
58,0x51,0,2,318,319.8,12.591,-9,10488,1
59,0x51,0,2,319,319.6,12.581,-9,10667,1
60,0x51,0,2,320,319.4,12.575,-9,10846,1
61,0x51,0,2,320,319.6,12.582,-9,11025,1
62,0x51,0,1,323,319.7,12.587,-7,11204,1
63,0x51,0,1,323,320.7,12.626,-7,11383,1
64,0x51,0,1,324,321.4,12.653,-7,11562,1
65,0x51,0,2,327,322.2,12.684,-7,11741,1
66,0x51,0,2,327,323.6,12.741,-6,11920,1
67,0x51,0,2,325,324.6,12.781,-7,12099,1
68,0x51,0,2,323,324.7,12.785,-8,12278,1
69,0x51,0,2,322,324.2,12.765,-8,12457,1
70,0x51,0,2,323,323.9,12.75,-7,12636,1
71,0x51,0,2,323,323.6,12.74,-7,12815,1
72,0x51,0,3,323,323.4,12.733,-8,12994,1
73,0x51,0,2,322,323.3,12.728,-8,13173,1
74,0x51,0,2,322,322.9,12.713,-8,13352,1
75,0x51,0,2,322,322.6,12.702,-8,13531,1
76,0x51,0,2,322,322.4,12.695,-8,13710,1
77,0x51,0,2,321,322.3,12.689,-9,13889,1
78,0x51,0,3,320,321.9,12.674,-10,14068,1
79,0x51,0,2,322,321.6,12.663,-10,14247,1
80,0x51,0,2,324,321.7,12.667,-10,14426,1
81,0x51,0,2,324,322.4,12.694,-10,14605,1
82,0x51,0,2,324,322.9,12.712,-10,14784,1
83,0x51,0,2,324,323.2,12.726,-10,14963,1
84,0x51,0,2,324,323.5,12.735,-11,15142,1
85,0x51,0,2,326,323.6,12.741,-11,15321,1
86,0x51,0,2,325,324.0,12.757,-11,15500,1
87,0x51,0,2,323,324.3,12.769,-8,15679,1
88,0x51,0,2,311,323.9,12.753,-9,15858,1
89,0x51,0,1,311,320.0,12.6,-7,16037,1
90,0x51,0,1,314,317.3,12.493,-7,16216,1
91,0x51,0,1,332,316.3,12.454,-10,16395,1
92,0x51,0,1,378,321.0,12.639,-6,16574,1
93,0x51,0,2,416,338.1,13.312,-9,16753,2
94,0x51,0,1,437,361.5,14.232,-20,16932,2
95,0x51,0,1,449,384.1,15.124,-13,17111,3
96,0x51,0,1,447,403.0,15.866,-12,17290,3
97,0x51,0,1,438,416.2,16.386,-14,17469,3
98,0x51,0,1,440,423.3,16.667,-14,17648,3
99,0x51,0,1,438,427.7,16.84,-13,17827,3
100,0x51,0,1,442,431.4,16.985,-12,18006,3
101,0x51,0,1,443,434.6,17.11,-11,18185,4
102,0x51,0,1,437,436.8,17.197,-13,18364,4
103,0x51,0,1,437,436.9,17.2,-13,18543,4
104,0x51,0,2,434,436.9,17.201,-15,18722,4
105,0x51,0,2,436,436.6,17.19,-15,18901,4
106,0x51,0,1,440,436.4,17.183,-13,19080,4
107,0x51,0,1,438,436.9,17.201,-12,19259,4
108,0x51,0,2,413,437.2,17.214,-18,19438,4
109,0x51,0,2,355,430.0,16.928,-17,19617,3
110,0x51,0,1,307,407.5,16.042,-11,19796,3
111,0x51,0,1,282,377.3,14.856,-14,19975,2
112,0x51,0,1,280,348.7,13.73,-13,20154,2
113,0x51,0,1,280,328.1,12.918,-12,20333,1
114,0x51,0,1,281,313.7,12.35,-11,20512,1
115,0x51,0,1,281,303.9,11.964,-11,20691,1
116,0x51,0,1,292,297.0,11.693,-11,20870,1
117,0x51,0,1,355,295.5,11.634,-7,21049,1
118,0x51,0,2,390,313.4,12.337,-9,21228,1
119,0x51,0,2,388,335.7,13.218,-9,21407,2
120,0x51,0,2,383,351.4,13.836,-8,21586,2
121,0x51,0,1,375,360.9,14.209,-9,21765,2
122,0x51,0,1,348,365.1,14.375,-12,21944,2
123,0x51,0,1,324,360.0,14.173,-9,22123,2
124,0x51,0,1,348,356.4,14.031,-9,22302,2
125,0x51,0,2,398,353.9,13.932,-11,22481,2
126,0x51,0,1,407,367.1,14.453,-15,22660,2
127,0x51,0,1,350,376.4,14.818,-12,22839,2
128,0x51,0,1,327,368.5,14.506,-9,23018,2
129,0x51,0,2,380,362.9,14.288,-8,23197,2
130,0x51,0,1,392,368.0,14.49,-19,23376,2
131,0x51,0,1,321,371.6,14.631,-8,23555,2
132,0x51,0,1,341,362.4,14.269,-9,23734,2
133,0x51,0,1,383,356.0,14.016,-9,23913,2
134,0x51,0,1,338,351.5,13.839,-15,24092,2
135,0x51,0,1,351,351.4,13.833,-17,24271,2
136,0x51,0,1,410,351.2,13.829,-21,24450,2
137,0x51,0,2,363,354.8,13.967,-19,24629,2
138,0x51,0,2,368,358.7,14.124,-22,24808,2
139,0x51,0,1,402,361.5,14.233,-24,24987,2
140,0x51,0,1,389,369.8,14.558,-23,25166,2
141,0x51,0,2,325,375.5,14.785,-21,25345,2
142,0x51,0,1,359,370.6,14.59,-21,25524,2
143,0x51,0,1,397,367.1,14.453,-22,25703,2
144,0x51,0,1,330,364.7,14.357,-26,25882,2
145,0x51,0,1,442,374.4,14.739,-20,26061,2
146,0x51,0,1,388,378.5,14.9,-24,26240,2
147,0x51,0,1,325,381.3,15.013,-19,26419,3
148,0x51,0,1,351,372.2,14.655,-17,26598,2
149,0x51,0,1,395,365.9,14.404,-15,26777,2
150,0x51,0,1,348,361.4,14.228,-14,26956,2
151,0x51,0,1,338,357.4,14.07,-18,27135,2
152,0x51,0,2,379,354.6,13.959,-16,27314,2
153,0x51,0,1,348,352.6,13.882,-18,27493,2
154,0x51,0,1,374,359.0,14.135,-19,27672,2
155,0x51,0,1,431,363.5,14.312,-21,27851,2
156,0x51,0,1,346,366.7,14.435,-19,28030,2
157,0x51,0,1,362,365.3,14.38,-20,28209,2
158,0x51,0,1,394,364.3,14.342,-17,28388,2
159,0x51,0,1,350,363.6,14.315,-20,28567,2
160,0x51,0,1,331,359.5,14.154,-24,28746,2
161,0x51,0,2,381,356.7,14.042,-18,28925,2
162,0x51,0,1,409,364.0,14.329,-19,29104,2
163,0x51,0,1,424,377.5,14.861,-22,29283,2
164,0x51,0,1,448,391.4,15.411,-21,29462,3
165,0x51,0,1,456,408.4,16.079,-21,29641,3
166,0x51,0,1,480,422.7,16.641,-18,29820,3
167,0x51,0,1,486,439.9,17.318,-23,29999,4
168,0x51,0,1,493,453.7,17.863,-12,30178,4
169,0x51,0,1,490,464.6,18.291,-8,30357,4
170,0x51,0,1,480,472.2,18.591,-12,30536,4
171,0x51,0,1,459,474.6,18.683,-12,30715,4
172,0x51,0,1,438,469.9,18.5,-9,30894,4
173,0x51,0,1,422,460.3,18.123,-13,31073,4
174,0x51,0,1,411,448.8,17.67,-12,31252,4
175,0x51,0,1,397,437.5,17.224,-12,31431,4
176,0x51,0,1,395,425.3,16.745,-10,31610,3
177,0x51,0,1,387,416.2,16.387,-12,31789,3
178,0x51,0,1,382,407.5,16.042,-12,31968,3
179,0x51,0,1,381,399.8,15.741,-11,32147,3
180,0x51,0,1,381,394.2,15.519,-11,32326,3
181,0x51,0,1,381,390.2,15.363,-12,32505,3
182,0x51,0,1,382,387.5,15.254,-11,32684,3
183,0x51,0,1,381,385.5,15.178,-10,32863,3
184,0x51,0,1,380,384.2,15.125,-10,33042,3
185,0x51,0,1,380,382.9,15.075,-11,33221,3
186,0x51,0,1,380,382.0,15.041,-11,33400,3
187,0x51,0,1,384,381.4,15.017,-12,33579,3
188,0x51,0,1,402,382.2,15.047,-13,33758,3
189,0x51,0,1,415,388.1,15.281,-12,33937,3
190,0x51,0,1,417,396.2,15.598,-16,34116,3
191,0x51,0,2,435,402.4,15.844,-19,34295,3
192,0x51,0,2,415,406.8,16.016,-18,34474,3
193,0x51,0,1,435,415.3,16.349,-18,34653,3
194,0x51,0,2,434,420.9,16.57,-19,34832,3
195,0x51,0,3,415,424.8,16.725,-17,35011,3
196,0x51,0,2,414,421.9,16.609,-17,35190,3
197,0x51,0,1,411,419.5,16.516,-17,35369,3
198,0x51,0,1,429,417.9,16.451,-17,35548,3
199,0x51,0,1,429,421.2,16.583,-14,35727,3
200,0x51,0,1,421,423.5,16.675,-12,35906,3
201,0x51,0,2,407,422.8,16.645,-16,36085,3
202,0x51,0,1,416,420.7,16.565,-14,36264,3
203,0x51,0,1,429,419.3,16.509,-15,36443,3
204,0x51,0,1,387,418.3,16.469,-15,36622,3
205,0x51,0,1,436,421.5,16.596,-14,36801,3
206,0x51,0,2,410,418.1,16.459,-16,36980,3
207,0x51,0,1,395,415.6,16.364,-13,37159,3
208,0x51,0,1,448,414.0,16.297,-12,37338,3
209,0x51,0,3,384,408.3,16.074,-16,37517,3
210,0x51,0,1,419,411.5,16.2,-12,37696,3
211,0x51,0,1,419,413.7,16.289,-16,37875,3
212,0x51,0,1,389,415.3,16.351,-12,38054,3
213,0x51,0,1,424,416.4,16.395,-17,38233,3
214,0x51,0,1,392,409.1,16.106,-16,38412,3
215,0x51,0,1,404,407.6,16.046,-13,38591,3
216,0x51,0,1,422,406.5,16.004,-15,38770,3
217,0x51,0,1,398,405.7,15.974,-18,38949,3
218,0x51,0,1,428,410.6,16.166,-14,39128,3
219,0x51,0,2,411,410.7,16.171,-14,39307,3
220,0x51,0,1,394,410.8,16.174,-14,39486,3
221,0x51,0,1,431,410.9,16.176,-13,39665,3
222,0x51,0,1,387,405.8,15.977,-12,39844,3
223,0x51,0,2,407,406.2,15.991,-17,40023,3
224,0x51,0,2,417,406.4,16.001,-17,40202,3
225,0x51,0,1,388,406.6,16.008,-13,40381,3
226,0x51,0,1,429,409.7,16.13,-16,40560,3
227,0x51,0,2,406,408.6,16.087,-16,40739,3
228,0x51,0,2,407,408.1,16.068,-16,40918,3
229,0x51,0,2,442,407.8,16.054,-19,41097,3
230,0x51,0,2,403,407.5,16.045,-15,41276,3
231,0x51,0,1,420,411.3,16.192,-13,41455,3
232,0x51,0,1,427,413.9,16.295,-15,41634,3
233,0x51,0,1,440,417.8,16.45,-16,41813,3
234,0x51,0,1,445,424.5,16.712,-17,41992,3
235,0x51,0,2,424,429.1,16.895,-16,42171,3
236,0x51,0,1,411,427.6,16.834,-13,42350,3
237,0x51,0,1,399,422.6,16.638,-13,42529,3
238,0x51,0,1,395,415.5,16.36,-13,42708,3
239,0x51,0,1,400,410.6,16.164,-13,42887,3
240,0x51,0,1,414,407.4,16.039,-13,43066,3
241,0x51,0,1,430,409.4,16.117,-15,43245,3
242,0x51,0,1,425,414.1,16.302,-18,43424,3
243,0x51,0,1,404,417.3,16.431,-14,43603,3
244,0x51,0,1,380,413.3,16.273,-13,43782,3
245,0x51,0,1,368,403.3,15.88,-15,43961,3
246,0x51,0,1,370,393.3,15.486,-13,44140,3
247,0x51,0,1,385,386.3,15.21,-14,44319,3
248,0x51,0,1,416,385.9,15.194,-15,44498,3
249,0x51,0,1,406,392.0,15.431,-16,44677,3
250,0x51,0,1,385,396.2,15.597,-15,44856,3
251,0x51,0,1,373,392.8,15.465,-14,45035,3
252,0x51,0,1,373,386.9,15.231,-14,45214,3
253,0x51,0,1,385,382.7,15.067,-14,45393,3
254,0x51,0,1,411,383.4,15.094,-16,45572,3
255,0x51,0,1,438,391.7,15.42,-16,45751,3
256,0x51,0,1,450,405.6,15.968,-15,45930,3
257,0x51,0,1,441,416.2,16.386,-13,46109,3
258,0x51,0,1,389,423.6,16.679,-15,46288,3
259,0x51,0,1,372,413.2,16.27,-14,46467,3
260,0x51,0,1,390,406.0,15.983,-14,46646,3
261,0x51,0,2,422,401.2,15.795,-11,46825,3
262,0x51,0,2,429,407.4,16.04,-13,47004,3
263,0x51,0,2,404,411.8,16.213,-16,47183,3
264,0x51,0,1,355,409.5,16.12,-19,47362,3
265,0x51,0,1,352,393.1,15.477,-16,47541,3
266,0x51,0,2,341,380.8,14.992,-22,47720,2
267,0x51,0,1,359,372.1,14.652,-15,47899,2
268,0x51,0,1,315,362.8,14.284,-12,48078,2
269,0x51,0,1,212,348.5,13.719,-21,48257,2
270,0x51,0,1,205,307.5,12.107,-39,48436,1
271,0x51,0,0,-1,307.5,12.107,0,48614,1
272,0x51,0,1,201,276.8,10.896,-44,48795,1
273,0x51,0,0,-1,276.8,10.896,0,48973,1
274,0x51,0,0,-1,276.8,10.896,0,49153,1
275,0x51,0,1,212,255.2,10.049,-41,49334,1
276,0x51,0,1,217,242.3,9.538,-28,49513,1
277,0x51,0,1,219,234.7,9.24,-36,49689,1
278,0x51,0,1,219,230.0,9.054,-33,49865,1
279,0x51,0,1,217,226.7,8.925,-32,50041,1
280,0x51,0,1,230,224.4,8.834,-35,50217,1
281,0x51,0,2,232,226.1,8.9,-32,50393,1
282,0x51,0,1,1470,227.8,8.97,-17,50569,1
283,0x51,0,2,232,229.1,9.019,-38,50745,1
284,0x51,0,2,228,230.0,9.054,-36,50921,1
285,0x51,0,2,177,229.4,9.031,-37,51097,1
286,0x51,0,0,-1,229.4,9.031,0,51272,1
287,0x51,0,1,249,229.0,9.014,-39,51453,1
288,0x51,3,0,-1,229.0,9.014,0,51584,1
289,0x51,5,0,-1,229.0,9.014,0,51732,1
290,0x51,5,0,-1,229.0,9.014,0,51880,1
291,0x51,5,0,-1,229.0,9.014,0,52028,1
292,0x51,5,0,-1,229.0,9.014,0,52176,1
293,0x51,5,0,-1,229.0,9.014,0,52324,1
294,0x51,5,0,-1,229.0,9.014,0,52472,1
295,0x51,5,0,-1,229.0,9.014,0,52620,1
296,0x51,5,0,-1,229.0,9.014,0,52768,1
297,0x51,5,0,-1,229.0,9.014,0,53955,1
298,0x51,5,0,-1,229.0,9.014,0,54103,1
299,0x51,5,0,-1,229.0,9.014,0,54251,1
300,0x51,5,0,-1,229.0,9.014,0,54399,1
301,0x51,5,0,-1,229.0,9.014,0,54547,1
302,0x51,5,0,-1,229.0,9.014,0,54695,1
303,0x51,5,0,-1,229.0,9.014,0,54843,1
304,0x51,5,0,-1,229.0,9.014,0,54991,1
305,0x51,5,0,-1,229.0,9.014,0,55139,1
306,0x51,5,0,-1,229.0,9.014,0,55287,1
307,0x51,5,0,-1,229.0,9.014,0,56474,1
308,0x51,5,0,-1,229.0,9.014,0,56622,1
309,0x51,5,0,-1,229.0,9.014,0,56770,1
310,0x51,5,0,-1,229.0,9.014,0,56918,1
311,0x51,5,0,-1,229.0,9.014,0,57066,1
312,0x51,5,0,-1,229.0,9.014,0,57214,1
313,0x51,5,0,-1,229.0,9.014,0,57362,1
314,0x51,5,0,-1,229.0,9.014,0,57510,1
315,0x51,5,0,-1,229.0,9.014,0,57658,1
316,0x51,5,0,-1,229.0,9.014,0,57806,1
317,0x51,5,0,-1,229.0,9.014,0,58994,1
318,0x51,5,0,-1,229.0,9.014,0,59142,1
319,0x51,5,0,-1,229.0,9.014,0,59290,1
320,0x51,5,0,-1,229.0,9.014,0,59438,1
321,0x51,5,0,-1,229.0,9.014,0,59586,1
322,0x51,5,0,-1,229.0,9.014,0,59734,1
323,0x51,5,0,-1,229.0,9.014,0,59882,1
324,0x51,5,0,-1,229.0,9.014,0,60030,1
325,0x51,5,0,-1,229.0,9.014,0,60178,1
326,0x51,5,0,-1,229.0,9.014,0,60326,1
327,0x51,5,0,-1,229.0,9.014,0,62503,1
328,0x51,5,0,-1,229.0,9.014,0,62651,1
329,0x51,5,0,-1,229.0,9.014,0,62799,1
330,0x51,5,0,-1,229.0,9.014,0,62947,1
331,0x51,5,0,-1,229.0,9.014,0,63095,1
332,0x51,5,0,-1,229.0,9.014,0,63243,1
333,0x51,5,0,-1,229.0,9.014,0,63391,1
334,0x51,5,0,-1,229.0,9.014,0,63539,1
335,0x51,5,0,-1,229.0,9.014,0,63687,1
336,0x51,5,0,-1,229.0,9.014,0,63835,1
337,0x51,5,0,-1,229.0,9.014,0,66012,1
338,0x51,5,0,-1,229.0,9.014,0,66160,1
339,0x51,5,0,-1,229.0,9.014,0,66308,1
340,0x51,5,0,-1,229.0,9.014,0,66456,1
341,0x51,5,0,-1,229.0,9.014,0,66604,1
342,0x51,5,0,-1,229.0,9.014,0,66752,1
343,0x51,5,0,-1,229.0,9.014,0,66900,1
344,0x51,5,0,-1,229.0,9.014,0,67048,1
345,0x51,5,0,-1,229.0,9.014,0,67196,1
346,0x51,5,0,-1,229.0,9.014,0,67344,1
347,0x51,5,0,-1,229.0,9.014,0,68530,1
348,0x51,5,0,-1,229.0,9.014,0,68678,1
349,0x51,5,0,-1,229.0,9.014,0,68826,1
350,0x51,5,0,-1,229.0,9.014,0,68974,1
351,0x51,5,0,-1,229.0,9.014,0,69122,1
352,0x51,5,0,-1,229.0,9.014,0,69270,1
353,0x51,5,0,-1,229.0,9.014,0,69418,1
354,0x51,5,0,-1,229.0,9.014,0,69566,1
355,0x51,5,0,-1,229.0,9.014,0,69714,1
356,0x51,5,0,-1,229.0,9.014,0,69862,1
357,0x51,5,0,-1,229.0,9.014,0,71048,1
358,0x51,5,0,-1,229.0,9.014,0,71196,1
359,0x51,5,0,-1,229.0,9.014,0,71344,1
360,0x51,5,0,-1,229.0,9.014,0,71492,1
361,0x51,5,0,-1,229.0,9.014,0,71640,1
362,0x51,5,0,-1,229.0,9.014,0,71788,1
363,0x51,5,0,-1,229.0,9.014,0,71936,1
364,0x51,5,0,-1,229.0,9.014,0,72084,1
365,0x51,5,0,-1,229.0,9.014,0,72232,1
366,0x51,5,0,-1,229.0,9.014,0,72380,1
367,0x51,5,0,-1,229.0,9.014,0,73566,1
368,0x51,5,0,-1,229.0,9.014,0,73714,1
369,0x51,5,0,-1,229.0,9.014,0,73862,1
370,0x51,5,0,-1,229.0,9.014,0,74010,1
371,0x51,5,0,-1,229.0,9.014,0,74158,1
372,0x51,5,0,-1,229.0,9.014,0,74306,1
373,0x51,5,0,-1,229.0,9.014,0,74454,1
374,0x51,5,0,-1,229.0,9.014,0,74602,1
375,0x51,5,0,-1,229.0,9.014,0,74750,1
376,0x51,5,0,-1,229.0,9.014,0,74898,1
377,0x51,5,0,-1,229.0,9.014,0,76086,1
378,0x51,5,0,-1,229.0,9.014,0,76234,1
379,0x51,5,0,-1,229.0,9.014,0,76382,1
380,0x51,5,0,-1,229.0,9.014,0,76530,1
381,0x51,5,0,-1,229.0,9.014,0,76678,1
382,0x51,5,0,-1,229.0,9.014,0,76826,1
383,0x51,5,0,-1,229.0,9.014,0,76974,1
384,0x51,5,0,-1,229.0,9.014,0,77122,1
385,0x51,5,0,-1,229.0,9.014,0,77270,1
386,0x51,5,0,-1,229.0,9.014,0,77418,1
387,0x51,5,0,-1,229.0,9.014,0,78604,1
388,0x51,5,0,-1,229.0,9.014,0,78752,1
389,0x51,5,0,-1,229.0,9.014,0,78900,1
390,0x51,5,0,-1,229.0,9.014,0,79048,1
391,0x51,5,0,-1,229.0,9.014,0,79196,1
392,0x51,5,0,-1,229.0,9.014,0,79344,1
393,0x51,5,0,-1,229.0,9.014,0,79492,1
394,0x51,5,0,-1,229.0,9.014,0,79640,1
395,0x51,5,0,-1,229.0,9.014,0,79788,1
396,0x51,5,0,-1,229.0,9.014,0,79936,1
397,0x51,5,0,-1,229.0,9.014,0,82149,1
398,0x51,0,0,-1,229.0,9.014,0,82329,1
399,0x51,0,0,-1,229.0,9.014,0,82509,1
400,0x51,0,0,-1,229.0,9.014,0,82689,1
401,0x51,0,1,200,220.3,8.672,-38,82870,1
402,0x51,0,1,201,214.5,8.445,-35,83046,1
403,0x51,0,1,242,210.4,8.285,-29,83222,1
404,0x51,0,1,319,219.9,8.658,-22,83398,1
405,0x51,0,1,307,246.0,9.687,-24,83574,1
406,0x51,0,2,181,264.3,10.407,-43,83750,1
407,0x51,0,1,319,277.1,10.911,-21,83929,1
408,0x51,0,1,333,289.7,11.405,-25,84108,1
409,0x51,0,1,315,298.5,11.751,-20,84287,1
410,0x51,0,1,325,306.4,12.064,-24,84466,1
411,0x51,0,1,336,312.0,12.284,-26,84645,1
412,0x51,0,1,328,316.8,12.473,-24,84824,1
413,0x51,0,2,302,320.2,12.605,-25,85003,1
414,0x51,0,1,333,322.5,12.697,-20,85182,1
415,0x51,0,1,314,320.0,12.597,-22,85361,1
416,0x51,0,3,310,318.2,12.526,-19,85540,1
417,0x51,0,1,322,316.9,12.477,-20,85719,1
418,0x51,0,1,311,315.1,12.407,-17,85898,1
419,0x51,0,2,337,317.2,12.488,-21,86077,1
420,0x51,0,2,323,318.9,12.557,-23,86256,1
421,0x51,0,1,333,323.2,12.723,-13,86435,1
422,0x51,0,1,347,326.1,12.839,-12,86614,1
423,0x51,0,1,343,331.2,13.038,-14,86793,2
424,0x51,0,1,355,335.9,13.225,-12,86972,2
425,0x51,0,1,351,340.4,13.403,-13,87151,2
426,0x51,0,1,354,344.5,13.564,-12,87330,2
427,0x51,0,1,359,347.4,13.676,-12,87509,2
428,0x51,0,1,357,350.3,13.789,-12,87688,2
429,0x51,0,1,340,352.3,13.869,-15,87867,2
430,0x51,0,2,334,348.6,13.724,-16,88046,2
431,0x51,0,2,333,344.2,13.552,-16,88225,2
432,0x51,0,2,332,340.9,13.419,-17,88404,2
433,0x51,0,2,333,338.5,13.327,-17,88583,2
434,0x51,0,2,334,336.8,13.262,-16,88762,2
435,0x51,0,2,333,335.7,13.216,-17,88941,2
436,0x51,0,2,333,334.9,13.184,-17,89120,2
437,0x51,0,2,333,334.3,13.162,-16,89299,2
438,0x51,0,2,333,333.9,13.147,-17,89478,2
439,0x51,0,2,365,333.6,13.136,-14,89657,2
440,0x51,0,2,322,333.5,13.128,-22,89836,2
441,0x51,0,1,208,330.0,12.993,-43,90015,1
442,0x51,0,2,239,302.7,11.918,-31,90194,1
443,0x51,0,1,270,283.6,11.165,-33,90373,1
444,0x51,0,1,609,279.5,11.005,-19,90552,1
445,0x51,0,2,219,276.7,10.892,-40,90731,1
446,0x51,0,2,231,263.0,10.353,-39,90910,1
447,0x51,0,1,609,253.4,9.975,-18,91089,1
448,0x51,0,1,606,359.2,14.14,-19,91265,2
449,0x51,0,1,610,434.1,17.091,-20,91444,4
450,0x51,0,2,246,485.7,19.121,-34,91623,5
451,0x51,0,2,248,414.4,16.314,-31,91802,3
452,0x51,0,2,250,364.5,14.349,-32,91981,2
453,0x51,0,3,197,329.5,12.973,-37,92160,1
454,0x51,0,3,213,294.6,11.597,-39,92339,1
455,0x51,0,1,231,270.1,10.634,-33,92518,1
456,0x51,0,2,270,258.4,10.172,-22,92697,1
457,0x51,0,1,282,261.9,10.309,-28,92876,1
458,0x51,0,1,229,264.3,10.406,-30,93055,1
459,0x51,0,1,219,253.7,9.989,-30,93234,1
460,0x51,0,1,229,246.3,9.697,-29,93410,1
461,0x51,0,1,218,238.1,9.374,-29,93586,1
462,0x51,0,1,205,232.1,9.137,-35,93762,1
463,0x51,0,1,215,227.0,8.935,-40,93938,1
464,0x51,0,1,223,223.4,8.794,-35,94114,1
465,0x51,0,1,189,220.9,8.695,-39,94290,1
466,0x51,0,1,201,214.9,8.461,-42,94466,1
467,0x51,0,0,-1,214.9,8.461,0,94641,1
468,0x51,0,1,200,210.4,8.285,-37,94822,1
469,0x51,0,1,206,207.6,8.173,-38,94998,1
470,0x51,0,1,236,207.1,8.154,-35,95174,1
471,0x51,0,1,211,208.3,8.2,-37,95350,1
472,0x51,0,1,216,210.6,8.291,-36,95526,1
473,0x51,0,0,-1,210.6,8.291,0,95701,1
474,0x51,0,0,-1,210.6,8.291,0,95881,1
475,0x51,0,1,191,210.7,8.296,-37,96062,1
476,0x51,0,0,-1,210.7,8.296,0,96237,1
477,0x51,0,1,251,212.3,8.358,-39,96418,1
478,0x51,0,1,249,223.3,8.792,-36,96594,1
479,0x51,0,1,247,231.0,9.095,-37,96770,1
480,0x51,0,0,-1,231.0,9.095,0,96945,1
481,0x51,0,1,248,236.1,9.296,-38,97126,1
482,0x51,0,1,180,239.4,9.424,-42,97302,1
483,0x51,0,1,179,221.6,8.723,-42,97478,1
484,0x51,0,1,178,208.8,8.22,-40,97654,1
485,0x51,0,1,178,199.6,7.857,-41,97830,1
486,0x51,0,1,177,193.1,7.602,-41,98006,1
487,0x51,0,1,181,188.6,7.424,-42,98182,1
488,0x51,0,0,-1,188.6,7.424,0,98357,1
489,0x51,0,0,-1,188.6,7.424,0,98537,1
490,0x51,0,0,-1,188.6,7.424,0,98717,1
491,0x51,0,1,258,186.3,7.334,-40,98898,1
492,0x51,0,0,-1,186.3,7.334,0,99073,1
493,0x51,0,0,-1,186.3,7.334,0,99253,1
494,0x51,0,0,-1,186.3,7.334,0,99433,1
495,0x51,0,0,-1,186.3,7.334,0,99613,1
496,0x51,0,0,-1,186.3,7.334,0,99793,1
497,0x51,0,0,-1,186.3,7.334,0,99973,1
498,0x51,0,0,-1,186.3,7.334,0,100153,1
499,0x51,0,1,213,194.3,7.65,-32,100334,1
500,0x51,0,2,199,199.9,7.871,-25,100510,1
501,0x51,0,1,1478,203.8,8.025,0,100686,1
502,0x51,0,0,-1,203.8,8.025,0,100861,1
503,0x51,0,1,1461,581.0,22.874,-13,101042,5
504,0x51,0,0,-1,581.0,22.874,0,101220,5
505,0x51,0,0,-1,581.0,22.874,0,101400,5
506,0x51,0,0,-1,581.0,22.874,0,101580,5
507,0x51,0,0,-1,581.0,22.874,0,101760,5
508,0x51,0,0,-1,581.0,22.874,0,101940,5
509,0x51,0,0,-1,581.0,22.874,0,102120,5
510,0x51,0,0,-1,581.0,22.874,0,102300,5
511,0x51,0,0,-1,581.0,22.874,0,102480,5
512,0x51,0,0,-1,581.0,22.874,0,102660,5
513,0x51,0,0,-1,581.0,22.874,0,102840,5
514,0x51,0,0,-1,581.0,22.874,0,103020,5
515,0x51,0,0,-1,581.0,22.874,0,103200,5
516,0x51,0,0,-1,581.0,22.874,0,103380,5
517,0x51,0,0,-1,581.0,22.874,0,103560,5
518,0x51,0,0,-1,581.0,22.874,0,103740,5
519,0x51,0,0,-1,581.0,22.874,0,103920,5
520,0x51,0,0,-1,581.0,22.874,0,104100,5
521,0x51,0,0,-1,581.0,22.874,0,104280,5
522,0x51,0,0,-1,581.0,22.874,0,104460,5
523,0x51,0,0,-1,581.0,22.874,0,104640,5
524,0x51,0,0,-1,581.0,22.874,0,104820,5
525,0x51,0,0,-1,581.0,22.874,0,105000,5
526,0x51,0,1,1386,845.0,33.267,-18,105181,5
527,0x51,0,0,-1,845.0,33.267,0,105359,5
528,0x51,0,1,1334,1007.3,39.657,-11,105540,5
529,0x51,0,0,-1,1007.3,39.657,0,105718,5
530,0x51,0,0,-1,1007.3,39.657,0,105898,5
531,0x51,0,0,-1,1007.3,39.657,0,106078,5
532,0x51,0,0,-1,1007.3,39.657,0,106258,5
533,0x51,0,0,-1,1007.3,39.657,0,106438,5
534,0x51,0,1,1285,1285.0,50.591,-14,106545,5
535,0x51,0,1,1312,1312.0,51.654,-14,106724,5
536,0x51,0,1,1279,1279.0,50.354,-16,106903,5
537,0x51,0,0,-1,1279.0,50.354,0,107081,5
538,0x51,0,1,1382,1288.9,50.744,-13,107262,5
539,0x51,0,1,1370,1313.2,51.702,-16,107441,5
540,0x51,0,0,-1,1313.2,51.702,0,107619,5
541,0x51,0,0,-1,1313.2,51.702,0,107799,5
542,0x51,0,0,-1,1313.2,51.702,0,107979,5
543,0x51,0,1,1387,1333.9,52.514,-11,108160,5
544,0x51,0,1,1344,1344.7,52.941,-11,108339,5
545,0x51,0,1,1294,1344.5,52.933,-11,108518,5
546,0x51,0,1,1401,1344.3,52.927,-11,108697,5
547,0x51,0,0,-1,1344.3,52.927,0,108875,5
548,0x51,0,1,1117,1329.2,52.332,-20,109056,5
549,0x51,0,1,1086,1265.6,49.826,-21,109235,5
550,0x51,0,0,-1,1265.6,49.826,0,109413,5
551,0x51,0,1,1347,1221.0,48.071,-11,109594,5
552,0x51,0,1,1154,1200.9,47.279,-17,109773,5
553,0x51,0,1,1335,1241.1,48.863,-12,109952,5
554,0x51,0,1,1333,1268.7,49.948,-12,110131,5
555,0x51,0,1,1307,1288.0,50.708,-12,110310,5
556,0x51,0,1,1301,1293.7,50.933,-14,110489,5
557,0x51,0,1,1322,1297.7,51.09,-13,110668,5
558,0x51,0,0,-1,1297.7,51.09,0,110846,5
559,0x51,0,0,-1,1297.7,51.09,0,111026,5
560,0x51,0,0,-1,1297.7,51.09,0,111206,5
561,0x51,0,1,1331,1305.0,51.377,-7,111387,5
562,0x51,0,2,496,1310.1,51.578,-11,111566,5
563,0x51,0,2,439,1065.9,41.963,-17,111745,5
564,0x51,0,1,294,877.8,34.559,-13,111924,5
565,0x51,0,1,249,702.7,27.664,-15,112103,5
566,0x51,0,2,253,567.8,22.353,-20,112282,5
567,0x51,0,1,334,473.3,18.635,-15,112461,4
568,0x51,0,1,392,431.5,16.99,-17,112640,3
569,0x51,0,1,497,419.7,16.523,-15,112819,3
570,0x51,0,3,474,436.0,17.164,-16,112998,4
571,0x51,0,2,480,449.2,17.684,-20,113177,4
572,0x51,0,1,661,458.4,18.048,-18,113356,4
573,0x51,0,3,488,467.3,18.398,-24,113535,4
574,0x51,0,0,-1,467.3,18.398,0,113713,4
575,0x51,0,0,-1,467.3,18.398,0,113893,4
576,0x51,0,1,1182,525.4,20.685,-11,114074,5
577,0x51,0,2,1198,722.4,28.44,-13,114253,5
578,0x51,0,0,-1,722.4,28.44,0,114431,5
579,0x51,0,2,1056,860.3,33.869,-14,114612,5
580,0x51,0,0,-1,860.3,33.869,0,114790,5
581,0x51,0,0,-1,860.3,33.869,0,114970,5
582,0x51,0,0,-1,860.3,33.869,0,115150,5
583,0x51,0,0,-1,860.3,33.869,0,115330,5
584,0x51,0,1,497,919.0,36.181,-23,115511,5
585,0x51,0,0,-1,919.0,36.181,0,115689,5
586,0x51,0,0,-1,919.0,36.181,0,115869,5
587,0x51,0,1,502,793.9,31.256,-22,116050,5
588,0x51,0,0,-1,793.9,31.256,0,116228,5
589,0x51,0,1,634,706.3,27.808,-20,116409,5
590,0x51,0,0,-1,706.3,27.808,0,116587,5
591,0x51,0,1,499,645.0,25.395,-24,116768,5
592,0x51,0,1,1269,641.7,25.265,-11,116947,5
593,0x51,0,2,499,598.9,23.579,-24,117126,5
594,0x51,0,1,501,569.5,22.423,-25,117305,5
595,0x51,0,2,500,548.7,21.601,-23,117484,5
596,0x51,0,0,-1,548.7,21.601,0,117662,5
597,0x51,0,0,-1,548.7,21.601,0,117842,5
598,0x51,0,0,-1,548.7,21.601,0,118022,5
599,0x51,0,0,-1,548.7,21.601,0,118202,5
600,0x51,0,0,-1,548.7,21.601,0,118382,5
601,0x51,0,1,507,534.4,21.038,-24,118563,5
602,0x51,0,0,-1,534.4,21.038,0,118741,5
603,0x51,0,0,-1,534.4,21.038,0,118921,5
604,0x51,0,0,-1,534.4,21.038,0,119101,5
605,0x51,0,1,496,524.1,20.632,-22,119282,5
606,0x51,0,1,504,518.0,20.395,-23,119461,5
607,0x51,0,0,-1,518.0,20.395,0,119639,5
608,0x51,0,0,-1,518.0,20.395,0,119819,5
609,0x51,0,0,-1,518.0,20.395,0,119999,5
610,0x51,0,1,1294,513.8,20.229,-10,120180,5
611,0x51,0,2,420,510.9,20.113,-20,120359,5
612,0x51,0,3,382,483.6,19.04,-19,120538,5
613,0x51,0,2,439,464.5,18.289,-21,120717,4
614,0x51,0,2,377,439.8,17.314,-23,120896,4
615,0x51,0,2,378,421.2,16.584,-20,121075,3
616,0x51,0,2,374,408.0,16.062,-19,121254,3
617,0x51,0,1,368,397.8,15.661,-22,121433,3
618,0x51,0,3,391,390.6,15.38,-21,121612,3
619,0x51,0,3,419,390.8,15.384,-14,121791,3
620,0x51,0,2,423,399.2,15.718,-15,121970,3
621,0x51,0,2,429,406.4,15.998,-15,122149,3
622,0x51,0,2,432,413.2,16.266,-15,122328,3
623,0x51,0,4,431,418.5,16.477,-14,122507,3
624,0x51,0,3,429,422.3,16.624,-15,122686,3
625,0x51,0,3,429,424.3,16.704,-14,122865,3
626,0x51,0,2,449,425.7,16.76,-16,123044,3
627,0x51,0,2,432,427.6,16.834,-15,123223,3
628,0x51,0,3,432,428.9,16.886,-15,123402,3
629,0x51,0,2,436,429.8,16.923,-13,123581,3
630,0x51,0,2,437,431.7,16.996,-13,123760,3
631,0x51,0,2,433,433.0,17.046,-14,123939,4
632,0x51,0,2,432,433.0,17.047,-13,124118,4
633,0x51,0,2,431,432.7,17.035,-13,124297,4
634,0x51,0,2,435,432.5,17.027,-13,124476,4
635,0x51,0,3,437,433.2,17.057,-14,124655,4
636,0x51,0,4,434,433.8,17.077,-17,124834,4
637,0x51,0,3,439,434.7,17.116,-15,125013,4
638,0x51,0,2,441,436.0,17.166,-14,125192,4
639,0x51,0,3,438,436.9,17.201,-14,125371,4
640,0x51,0,3,434,437.2,17.214,-15,125550,4
641,0x51,0,3,436,436.9,17.199,-13,125729,4
642,0x51,0,3,436,436.6,17.189,-14,125908,4
643,0x51,0,3,436,436.4,17.182,-13,126087,4
644,0x51,0,3,438,436.3,17.177,-14,126266,4
645,0x51,0,3,436,436.2,17.174,-15,126445,4
646,0x51,0,3,437,436.4,17.183,-14,126624,4
647,0x51,0,2,436,436.3,17.178,-15,126803,4
648,0x51,0,2,435,436.2,17.174,-15,126982,4
649,0x51,0,3,435,435.9,17.16,-15,127161,4
650,0x51,0,2,434,435.6,17.149,-16,127340,4
651,0x51,0,4,427,435.1,17.131,-17,127519,4
652,0x51,0,2,421,432.7,17.035,-17,127698,4
653,0x51,0,3,414,429.2,16.897,-21,127877,3
654,0x51,0,0,-1,429.2,16.897,0,128055,3
655,0x51,3,0,-1,429.2,16.897,0,128191,3
656,0x51,5,0,-1,429.2,16.897,0,128339,3
657,0x51,5,0,-1,429.2,16.897,0,128487,3
658,0x51,5,0,-1,429.2,16.897,0,128635,3
659,0x51,5,0,-1,429.2,16.897,0,128783,3
660,0x51,5,0,-1,429.2,16.897,0,128931,3
661,0x51,5,0,-1,-1.0,-1.0,0,129005,1
662,0x51,5,0,-1,-1.0,-1.0,0,129153,1
663,0x51,5,0,-1,-1.0,-1.0,0,129301,1
664,0x51,5,0,-1,-1.0,-1.0,0,129449,1
665,0x51,5,0,-1,-1.0,-1.0,0,129597,1
666,0x51,5,0,-1,-1.0,-1.0,0,129745,1
667,0x51,5,0,-1,-1.0,-1.0,0,129893,1
668,0x51,5,0,-1,-1.0,-1.0,0,130041,1
669,0x51,5,0,-1,-1.0,-1.0,0,130189,1
670,0x51,5,0,-1,-1.0,-1.0,0,132367,1
671,0x51,5,0,-1,-1.0,-1.0,0,132515,1
672,0x51,5,0,-1,-1.0,-1.0,0,132663,1
673,0x51,5,0,-1,-1.0,-1.0,0,132811,1
674,0x51,5,0,-1,-1.0,-1.0,0,132959,1
675,0x51,5,0,-1,-1.0,-1.0,0,133107,1
676,0x51,5,0,-1,-1.0,-1.0,0,133255,1
677,0x51,5,0,-1,-1.0,-1.0,0,133403,1
678,0x51,5,0,-1,-1.0,-1.0,0,133551,1
679,0x51,5,0,-1,-1.0,-1.0,0,133699,1
680,0x51,5,0,-1,-1.0,-1.0,0,134971,1
681,0x51,5,0,-1,-1.0,-1.0,0,135119,1
682,0x51,5,0,-1,-1.0,-1.0,0,135267,1
683,0x51,5,0,-1,-1.0,-1.0,0,135415,1
684,0x51,5,0,-1,-1.0,-1.0,0,135563,1
685,0x51,5,0,-1,-1.0,-1.0,0,135711,1
686,0x51,5,0,-1,-1.0,-1.0,0,135859,1
687,0x51,5,0,-1,-1.0,-1.0,0,136007,1
688,0x51,5,0,-1,-1.0,-1.0,0,136155,1
689,0x51,5,0,-1,-1.0,-1.0,0,136303,1
690,0x51,5,0,-1,-1.0,-1.0,0,137497,1
691,0x51,5,0,-1,-1.0,-1.0,0,137645,1
692,0x51,5,0,-1,-1.0,-1.0,0,137793,1
693,0x51,5,0,-1,-1.0,-1.0,0,137941,1
694,0x51,5,0,-1,-1.0,-1.0,0,138089,1
695,0x51,5,0,-1,-1.0,-1.0,0,138237,1
696,0x51,5,0,-1,-1.0,-1.0,0,138385,1
697,0x51,5,0,-1,-1.0,-1.0,0,138533,1
698,0x51,5,0,-1,-1.0,-1.0,0,138681,1
699,0x51,5,0,-1,-1.0,-1.0,0,138829,1
700,0x51,5,0,-1,-1.0,-1.0,0,140015,1
701,0x51,5,0,-1,-1.0,-1.0,0,140163,1
702,0x51,5,0,-1,-1.0,-1.0,0,140311,1
703,0x51,5,0,-1,-1.0,-1.0,0,140459,1
704,0x51,5,0,-1,-1.0,-1.0,0,140607,1
705,0x51,5,0,-1,-1.0,-1.0,0,140755,1
706,0x51,5,0,-1,-1.0,-1.0,0,140903,1
707,0x51,5,0,-1,-1.0,-1.0,0,141051,1
708,0x51,5,0,-1,-1.0,-1.0,0,141199,1
709,0x51,5,0,-1,-1.0,-1.0,0,141347,1
710,0x51,5,0,-1,-1.0,-1.0,0,142534,1
711,0x51,5,0,-1,-1.0,-1.0,0,142682,1
712,0x51,5,0,-1,-1.0,-1.0,0,142830,1
713,0x51,5,0,-1,-1.0,-1.0,0,142978,1
714,0x51,5,0,-1,-1.0,-1.0,0,143126,1
715,0x51,5,0,-1,-1.0,-1.0,0,143274,1
716,0x51,5,0,-1,-1.0,-1.0,0,143422,1
717,0x51,5,0,-1,-1.0,-1.0,0,143570,1
718,0x51,5,0,-1,-1.0,-1.0,0,143718,1
719,0x51,5,0,-1,-1.0,-1.0,0,143866,1
720,0x51,5,0,-1,-1.0,-1.0,0,146079,1
721,0x51,0,1,406,406.0,15.984,-13,146260,3
722,0x51,0,1,403,403.0,15.866,-13,146439,3
723,0x51,0,1,402,402.0,15.827,-13,146618,3
724,0x51,0,1,402,402.0,15.827,-13,146797,3
725,0x51,0,1,403,402.0,15.827,-13,146976,3
726,0x51,0,1,402,402.0,15.827,-11,147155,3
727,0x51,0,1,400,402.0,15.827,-13,147334,3
728,0x51,0,1,395,401.4,15.803,-12,147513,3
729,0x51,0,1,396,399.8,15.739,-12,147692,3
730,0x51,0,1,393,398.3,15.683,-12,147871,3
731,0x51,0,1,394,397.0,15.632,-11,148050,3
732,0x51,0,1,395,396.1,15.596,-12,148229,3
733,0x51,0,1,393,395.5,15.57,-12,148408,3
734,0x51,0,1,395,395.3,15.565,-12,148587,3
735,0x51,0,1,399,395.2,15.561,-12,148766,3
736,0x51,0,1,395,395.2,15.558,-12,148945,3
737,0x51,0,1,403,396.3,15.603,-11,149124,3
738,0x51,0,1,402,398.0,15.67,-12,149303,3
739,0x51,0,1,401,399.2,15.717,-11,149482,3
740,0x51,0,1,398,399.8,15.738,-11,149661,3
741,0x51,0,1,397,399.2,15.718,-11,149840,3
742,0x51,0,1,394,398.6,15.691,-11,150019,3
743,0x51,0,1,397,398.1,15.673,-12,150198,3
744,0x51,0,1,396,397.5,15.648,-12,150377,3
745,0x51,0,1,420,397.3,15.643,-18,150556,3
746,0x51,0,1,473,404.1,15.911,-14,150735,3
747,0x51,0,1,507,424.8,16.724,-16,150914,3
748,0x51,0,1,501,447.7,17.624,-17,151093,4
749,0x51,0,1,501,463.7,18.254,-17,151272,4
750,0x51,0,1,497,474.9,18.695,-14,151451,4
751,0x51,0,1,483,481.5,18.957,-16,151630,4
752,0x51,0,1,449,482.0,18.974,-16,151809,4
753,0x51,0,1,394,472.1,18.585,-14,151988,4
754,0x51,0,2,364,448.6,17.663,-18,152167,4
755,0x51,0,1,359,423.3,16.663,-19,152346,3
756,0x51,0,1,368,405.5,15.964,-16,152525,3
757,0x51,0,1,364,393.0,15.474,-17,152704,3
758,0x51,0,1,371,385.5,15.178,-16,152883,3
759,0x51,0,1,372,381.2,15.007,-15,153062,3
760,0x51,0,1,372,378.4,14.898,-15,153241,2
761,0x51,0,1,374,376.5,14.823,-14,153420,2
762,0x51,0,1,377,375.7,14.793,-14,153599,2
763,0x51,0,1,378,376.1,14.808,-14,153778,2
764,0x51,0,1,380,376.7,14.83,-14,153957,2
765,0x51,0,1,377,377.1,14.846,-14,154136,2
766,0x51,0,1,379,377.7,14.868,-13,154315,2
767,0x51,0,2,380,378.1,14.884,-13,154494,2
768,0x51,0,1,382,378.6,14.907,-12,154673,2
769,0x51,0,2,382,379.6,14.947,-12,154852,2
770,0x51,0,1,381,380.4,14.975,-12,155031,2
771,0x51,0,1,382,380.8,14.994,-12,155210,2
772,0x51,0,1,382,381.2,15.008,-12,155389,3
773,0x51,0,1,382,381.4,15.017,-13,155568,3
774,0x51,0,1,381,381.6,15.024,-13,155747,3
775,0x51,0,1,380,381.4,15.017,-13,155926,3
776,0x51,0,2,381,381.3,15.012,-13,156105,3
777,0x51,0,1,381,381.2,15.008,-12,156284,3
778,0x51,0,1,382,381.1,15.006,-13,156463,3
779,0x51,0,1,382,381.4,15.016,-13,156642,3
780,0x51,0,1,381,381.6,15.023,-13,156821,3
781,0x51,0,1,382,381.7,15.028,-12,157000,3
782,0x51,0,1,382,381.8,15.031,-13,157179,3
783,0x51,0,1,383,381.9,15.034,-12,157358,3
784,0x51,0,1,383,382.2,15.047,-12,157537,3
785,0x51,0,1,384,382.4,15.057,-13,157716,3
786,0x51,0,1,383,382.6,15.063,-12,157895,3
787,0x51,0,1,384,383.0,15.08,-12,158074,3
788,0x51,0,1,383,383.0,15.079,-12,158253,3
789,0x51,0,1,383,383.0,15.079,-12,158432,3
790,0x51,0,1,379,383.0,15.079,-14,158611,3
791,0x51,0,1,380,382.1,15.044,-15,158790,3
792,0x51,0,1,382,381.5,15.019,-14,158969,3
793,0x51,0,1,379,381.0,15.001,-14,159148,3
794,0x51,0,1,376,380.4,14.977,-16,159327,2
795,0x51,0,1,379,380.0,14.96,-14,159506,2
796,0x51,0,1,383,379.7,14.949,-13,159685,2
797,0x51,0,1,380,379.8,14.952,-13,159864,2
798,0x51,0,1,378,379.9,14.955,-13,160043,2
799,0x51,0,1,374,379.3,14.933,-12,160222,2
800,0x51,0,1,376,378.3,14.894,-12,160401,2
801,0x51,0,1,376,377.6,14.867,-11,160580,2
802,0x51,0,1,376,377.1,14.848,-12,160759,2
803,0x51,0,1,374,376.8,14.834,-13,160938,2
804,0x51,0,1,374,376.0,14.801,-13,161117,2
805,0x51,0,1,375,375.4,14.778,-13,161296,2
806,0x51,0,1,379,375.3,14.774,-13,161475,2
807,0x51,0,1,374,375.2,14.771,-13,161654,2
808,0x51,0,1,372,374.8,14.757,-15,161833,2
809,0x51,0,1,369,374.0,14.724,-15,162012,2
810,0x51,0,1,369,372.5,14.665,-15,162191,2
811,0x51,0,1,369,371.4,14.624,-16,162370,2
812,0x51,0,1,369,370.7,14.595,-16,162549,2
813,0x51,0,1,370,370.2,14.575,-16,162728,2
814,0x51,0,1,368,369.8,14.561,-16,162907,2
815,0x51,0,2,368,369.3,14.539,-16,163086,2
816,0x51,0,1,369,368.9,14.524,-16,163265,2
817,0x51,0,1,368,368.6,14.513,-16,163444,2
818,0x51,0,2,369,368.7,14.517,-16,163623,2
819,0x51,0,3,368,368.5,14.509,-16,163802,2
820,0x51,0,1,368,368.4,14.502,-16,163981,2
821,0x51,0,2,367,368.3,14.498,-16,164160,2
822,0x51,0,2,370,368.2,14.495,-16,164339,2
823,0x51,0,1,371,368.7,14.517,-16,164518,2
824,0x51,0,2,371,369.4,14.544,-16,164697,2
825,0x51,0,1,439,369.9,14.562,-23,164876,2
826,0x51,0,2,606,390.6,15.379,-19,165055,3
827,0x51,0,0,-1,390.6,15.379,0,165233,3
828,0x51,0,0,-1,390.6,15.379,0,165413,3
829,0x51,0,0,-1,390.6,15.379,0,165593,3
830,0x51,0,0,-1,390.6,15.379,0,165773,3
831,0x51,0,0,-1,390.6,15.379,0,165953,3
832,0x51,0,0,-1,390.6,15.379,0,166133,3
833,0x51,0,0,-1,390.6,15.379,0,166313,3
834,0x51,0,0,-1,390.6,15.379,0,166493,3
835,0x51,0,0,-1,390.6,15.379,0,166673,3
836,0x51,0,0,-1,390.6,15.379,0,166853,3
837,0x51,0,0,-1,390.6,15.379,0,167033,3
838,0x51,0,0,-1,390.6,15.379,0,167213,3
839,0x51,0,0,-1,390.6,15.379,0,167393,3
840,0x51,0,0,-1,390.6,15.379,0,167573,3
841,0x51,0,0,-1,390.6,15.379,0,167753,3
842,0x51,0,0,-1,390.6,15.379,0,167933,3
843,0x51,0,0,-1,390.6,15.379,0,168113,3
844,0x51,0,0,-1,390.6,15.379,0,168293,3
845,0x51,0,0,-1,390.6,15.379,0,168473,3
846,0x51,0,0,-1,390.6,15.379,0,168653,3
847,0x51,0,0,-1,390.6,15.379,0,168833,3
848,0x51,0,0,-1,390.6,15.379,0,169013,3
849,0x51,0,0,-1,390.6,15.379,0,169193,3
850,0x51,0,0,-1,390.6,15.379,0,169373,3
851,0x51,0,0,-1,390.6,15.379,0,169553,3
852,0x51,0,0,-1,390.6,15.379,0,169733,3
853,0x51,0,0,-1,390.6,15.379,0,169913,3
854,0x51,0,0,-1,390.6,15.379,0,170093,3
855,0x51,0,0,-1,390.6,15.379,0,170273,3
856,0x51,0,0,-1,390.6,15.379,0,170453,3
857,0x51,0,0,-1,390.6,15.379,0,170633,3
858,0x51,0,0,-1,390.6,15.379,0,170813,3
859,0x51,0,1,1166,455.2,17.923,-22,170994,4
860,0x51,0,1,1140,660.7,26.01,-20,171173,5
861,0x51,0,1,1454,812.3,31.979,-7,171352,5
862,0x51,0,2,753,910.6,35.85,-29,171531,5
863,0x51,0,0,-1,910.6,35.85,0,171709,5
864,0x51,0,1,1160,985.4,38.796,-19,171890,5
865,0x51,0,0,-1,-1.0,-1.0,0,171996,1
866,0x51,0,1,783,783.0,30.827,-27,172177,5
867,0x51,0,0,-1,783.0,30.827,0,172355,5
868,0x51,0,1,746,746.0,29.37,-26,172536,5
869,0x51,0,0,-1,746.0,29.37,0,172714,5
870,0x51,0,1,769,769.0,30.276,-26,172895,5
871,0x51,0,1,773,769.0,30.276,-26,173074,5
872,0x51,0,0,-1,769.0,30.276,0,173252,5
873,0x51,0,0,-1,769.0,30.276,0,173432,5
874,0x51,0,0,-1,769.0,30.276,0,173612,5
875,0x51,0,0,-1,769.0,30.276,0,173792,5
876,0x51,0,0,-1,769.0,30.276,0,173972,5
877,0x51,0,0,-1,769.0,30.276,0,174152,5
878,0x51,0,0,-1,769.0,30.276,0,174332,5
879,0x51,0,0,-1,769.0,30.276,0,174512,5
880,0x51,0,0,-1,769.0,30.276,0,174692,5
881,0x51,0,0,-1,769.0,30.276,0,174872,5
882,0x51,0,0,-1,769.0,30.276,0,175052,5
883,0x51,0,0,-1,769.0,30.276,0,175232,5
884,0x51,0,0,-1,769.0,30.276,0,175412,5
885,0x51,0,0,-1,769.0,30.276,0,175592,5
886,0x51,0,0,-1,769.0,30.276,0,175772,5
887,0x51,0,0,-1,769.0,30.276,0,175952,5
888,0x51,0,0,-1,769.0,30.276,0,176132,5
889,0x51,0,0,-1,769.0,30.276,0,176312,5
890,0x51,0,0,-1,769.0,30.276,0,176492,5
891,0x51,0,1,1004,770.2,30.323,-26,176673,5
892,0x51,0,0,-1,770.2,30.323,0,176851,5
893,0x51,0,1,1034,840.3,33.084,-26,177032,5
894,0x51,0,0,-1,840.3,33.084,0,177210,5
895,0x51,0,0,-1,840.3,33.084,0,177390,5
896,0x51,0,0,-1,840.3,33.084,0,177570,5
897,0x51,0,0,-1,840.3,33.084,0,177750,5
898,0x51,0,0,-1,840.3,33.084,0,177930,5
899,0x51,0,0,-1,840.3,33.084,0,178110,5
900,0x51,0,0,-1,840.3,33.084,0,178290,5
901,0x51,0,0,-1,840.3,33.084,0,178470,5
902,0x51,0,0,-1,840.3,33.084,0,178650,5
903,0x51,0,0,-1,840.3,33.084,0,178830,5
904,0x51,0,0,-1,840.3,33.084,0,179010,5
905,0x51,0,1,786,889.4,35.017,-18,179191,5
906,0x51,0,1,590,858.4,33.796,-14,179370,5
907,0x51,0,1,411,777.9,30.625,-9,179549,5
908,0x51,0,1,365,667.8,26.292,-17,179728,5
909,0x51,0,1,350,577.0,22.715,-11,179907,5
910,0x51,0,1,347,508.9,20.035,-12,180086,5
911,0x51,0,1,348,460.6,18.135,-13,180265,4
912,0x51,0,1,360,426.8,16.804,-11,180444,3
913,0x51,0,2,334,403.2,15.873,-18,180623,3
914,0x51,0,1,339,383.9,15.115,-13,180802,3
915,0x51,0,2,333,368.9,14.526,-23,180981,2
916,0x51,0,1,330,358.2,14.101,-21,181160,2
917,0x51,0,1,329,349.7,13.768,-16,181339,2
918,0x51,0,1,334,343.8,13.535,-14,181518,2
919,0x51,0,1,336,340.9,13.42,-14,181697,2
920,0x51,0,1,330,338.8,13.339,-17,181876,2
921,0x51,0,1,334,337.4,13.282,-16,182055,2
922,0x51,0,1,331,335.5,13.207,-18,182234,2
923,0x51,0,1,332,334.4,13.166,-16,182413,2
924,0x51,0,1,331,333.4,13.126,-17,182592,2
925,0x51,0,1,331,332.7,13.097,-16,182771,2
926,0x51,0,1,329,332.2,13.078,-15,182950,2
927,0x51,0,1,330,331.5,13.052,-14,183129,2
928,0x51,0,1,329,330.8,13.022,-15,183308,2
929,0x51,0,1,331,330.5,13.013,-14,183487,2
930,0x51,0,1,330,330.4,13.007,-15,183666,2
931,0x51,0,1,328,330.3,13.002,-14,183845,2
932,0x51,0,1,329,329.9,12.988,-14,184024,1
933,0x51,0,1,331,329.6,12.977,-14,184203,1
934,0x51,0,1,330,329.7,12.982,-14,184382,1
935,0x51,0,1,332,330.1,12.997,-13,184561,1
936,0x51,0,1,334,330.7,13.019,-12,184740,2
937,0x51,0,1,333,331.4,13.046,-12,184919,2
938,0x51,0,1,330,331.9,13.065,-12,185098,2
939,0x51,0,1,335,332.2,13.079,-11,185277,2
940,0x51,0,1,334,332.7,13.1,-11,185456,2
941,0x51,0,1,332,333.1,13.115,-12,185635,2
942,0x51,0,1,333,333.1,13.114,-11,185814,2
943,0x51,0,1,334,333.1,13.113,-11,185993,2
944,0x51,0,1,332,333.0,13.112,-11,186172,2
945,0x51,0,1,331,332.7,13.1,-12,186351,2
946,0x51,0,1,331,332.2,13.079,-12,186530,2
947,0x51,0,1,331,331.8,13.065,-12,186709,2
948,0x51,0,1,330,331.6,13.055,-12,186888,2
949,0x51,0,1,330,331.1,13.036,-12,187067,2
950,0x51,0,1,331,330.8,13.023,-12,187246,2
951,0x51,0,1,331,330.8,13.025,-12,187425,2
952,0x51,0,1,330,330.9,13.027,-12,187604,2
953,0x51,0,1,331,330.9,13.029,-12,187783,2
954,0x51,0,1,330,330.6,13.018,-12,187962,2
955,0x51,0,1,331,330.8,13.022,-13,188141,2
956,0x51,0,1,330,330.5,13.013,-12,188320,2
957,0x51,0,1,330,330.4,13.007,-12,188499,2
958,0x51,0,1,331,330.3,13.002,-12,188678,2
959,0x51,0,1,330,330.2,12.999,-12,188857,1
960,0x51,0,1,331,330.4,13.009,-12,189036,2
961,0x51,0,1,330,330.3,13.004,-12,189215,2
962,0x51,0,1,331,330.5,13.012,-12,189394,2
963,0x51,0,1,332,330.7,13.018,-12,189573,2
964,0x51,0,1,332,331.1,13.034,-11,189752,2
965,0x51,0,1,331,331.3,13.045,-12,189931,2
966,0x51,0,1,327,331.2,13.041,-13,190110,2
967,0x51,0,1,329,330.6,13.014,-13,190289,2
968,0x51,0,1,329,330.1,12.996,-13,190468,1
969,0x51,0,1,327,329.8,12.983,-13,190647,1
970,0x51,0,2,327,328.9,12.95,-13,190826,1
971,0x51,0,1,330,328.4,12.927,-12,191005,1
972,0x51,0,1,330,328.8,12.947,-12,191184,1
973,0x51,0,1,331,329.2,12.96,-12,191363,1
974,0x51,0,1,329,329.4,12.97,-12,191542,1
975,0x51,0,1,331,329.9,12.988,-11,191721,1
976,0x51,0,1,330,329.9,12.99,-12,191900,1
977,0x51,0,1,329,330.0,12.99,-12,192079,1
978,0x51,0,1,329,329.7,12.979,-12,192258,1
979,0x51,0,1,330,329.5,12.971,-12,192437,1
980,0x51,0,1,329,329.3,12.966,-12,192616,1
981,0x51,0,1,328,329.2,12.962,-13,192795,1
982,0x51,0,1,328,328.9,12.947,-13,192974,1
983,0x51,0,1,329,328.6,12.937,-13,193153,1
984,0x51,0,1,328,328.4,12.93,-13,193332,1
985,0x51,0,1,328,328.3,12.925,-13,193511,1
986,0x51,0,1,329,328.2,12.922,-13,193690,1
987,0x51,0,1,327,328.1,12.919,-13,193869,1
988,0x51,0,1,329,328.4,12.929,-13,194048,1
989,0x51,0,1,329,328.6,12.936,-12,194227,1
990,0x51,0,1,330,328.7,12.941,-12,194406,1
991,0x51,0,1,330,329.1,12.956,-12,194585,1
992,0x51,0,1,330,329.4,12.967,-12,194764,1
993,0x51,0,1,330,329.6,12.975,-12,194943,1
994,0x51,0,1,330,329.7,12.98,-12,195122,1
995,0x51,0,1,329,329.8,12.984,-12,195301,1
996,0x51,0,1,329,329.5,12.974,-12,195480,1
997,0x51,0,1,329,329.4,12.968,-12,195659,1
998,0x51,0,1,329,329.3,12.963,-12,195838,1
999,0x51,0,1,329,329.2,12.96,-12,196017,1
1000,0x51,0,1,329,329.1,12.958,-13,196196,1
1001,0x51,0,1,329,329.1,12.956,-13,196375,1
1002,0x51,0,1,328,329.1,12.955,-13,196554,1
1003,0x51,0,1,329,329.0,12.955,-13,196733,1
1004,0x51,0,1,329,329.0,12.954,-13,196912,1
1005,0x51,0,1,328,329.0,12.954,-13,197091,1
1006,0x51,0,1,329,329.0,12.953,-13,197270,1
1007,0x51,0,1,330,329.0,12.953,-12,197449,1
1008,0x51,0,1,330,329.3,12.965,-12,197628,1
1009,0x51,0,1,331,329.5,12.973,-11,197807,1
1010,0x51,0,1,331,330.0,12.991,-11,197986,1
1011,0x51,0,1,331,330.3,13.003,-11,198165,2
1012,0x51,0,1,331,330.5,13.011,-12,198344,2
1013,0x51,0,1,331,330.6,13.017,-11,198523,2
1014,0x51,0,1,331,330.8,13.022,-11,198702,2
1015,0x51,0,1,331,330.8,13.025,-12,198881,2
1016,0x51,0,1,332,330.9,13.027,-12,199060,2
1017,0x51,0,1,331,330.9,13.028,-11,199239,2
1018,0x51,0,1,331,330.9,13.029,-12,199418,2
1019,0x51,0,1,330,331.0,13.03,-11,199597,2
1020,0x51,0,1,329,330.7,13.019,-12,199776,2
1021,0x51,0,1,329,330.2,12.999,-12,199955,1
1022,0x51,0,1,328,329.8,12.985,-12,200134,1
1023,0x51,0,1,330,329.6,12.975,-12,200313,1
1024,0x51,0,1,330,329.7,12.98,-12,200492,1
1025,0x51,0,1,330,329.8,12.984,-12,200671,1
1026,0x51,0,1,329,329.9,12.986,-12,200850,1
1027,0x51,0,1,330,329.9,12.988,-13,201029,1
1028,0x51,0,1,330,329.9,12.989,-13,201208,1
1029,0x51,0,1,329,329.9,12.99,-13,201387,1
1030,0x51,0,1,330,330.0,12.991,-13,201566,1
1031,0x51,0,1,330,330.0,12.991,-13,201745,1
1032,0x51,0,1,329,330.0,12.991,-13,201924,1
1033,0x51,0,1,330,330.0,12.992,-13,202103,1
1034,0x51,0,1,329,329.7,12.98,-13,202282,1
1035,0x51,0,1,330,329.8,12.984,-13,202461,1
1036,0x51,0,1,331,329.8,12.986,-12,202640,1
1037,0x51,0,1,331,330.2,13.0,-12,202819,1
1038,0x51,0,1,331,330.4,13.009,-12,202998,2
1039,0x51,0,1,331,330.6,13.016,-12,203177,2
1040,0x51,0,1,329,330.7,13.021,-12,203356,2
1041,0x51,0,1,329,330.2,13.0,-12,203535,2
1042,0x51,0,1,330,329.8,12.986,-12,203714,1
1043,0x51,0,1,330,329.9,12.988,-13,203893,1
1044,0x51,0,1,333,329.9,12.989,-12,204072,1
1045,0x51,0,1,332,330.5,13.014,-13,204251,2
1046,0x51,0,1,330,331.0,13.031,-14,204430,2
1047,0x51,0,1,335,331.3,13.043,-15,204609,2
1048,0x51,0,1,336,332.4,13.087,-14,204788,2
1049,0x51,0,1,332,333.2,13.117,-14,204967,2
1050,0x51,0,1,333,333.1,13.115,-14,205146,2
1051,0x51,0,1,334,333.1,13.114,-14,205325,2
1052,0x51,0,1,333,333.1,13.113,-15,205504,2
1053,0x51,0,1,334,333.3,13.124,-14,205683,2
1054,0x51,0,1,333,333.2,13.12,-15,205862,2
1055,0x51,0,1,330,333.2,13.117,-15,206041,2
1056,0x51,0,1,330,332.2,13.079,-15,206220,2
1057,0x51,0,1,329,331.6,13.053,-15,206399,2
1058,0x51,0,1,330,331.1,13.035,-15,206578,2
1059,0x51,0,1,329,330.5,13.01,-15,206757,2
1060,0x51,0,1,330,330.3,13.005,-14,206936,2
1061,0x51,0,1,335,330.2,13.001,-14,207115,2
1062,0x51,0,1,335,331.7,13.057,-14,207294,2
1063,0x51,0,1,336,332.7,13.097,-14,207473,2
1064,0x51,0,1,332,333.4,13.125,-14,207652,2
1065,0x51,0,1,332,333.0,13.108,-15,207831,2
1066,0x51,0,1,333,332.7,13.097,-14,208010,2
1067,0x51,0,1,332,332.5,13.089,-15,208189,2
1068,0x51,0,1,332,332.3,13.084,-15,208368,2
1069,0x51,0,1,333,332.2,13.08,-15,208547,2
1070,0x51,0,1,331,332.2,13.077,-15,208726,2
1071,0x51,0,1,331,331.8,13.063,-15,208905,2
1072,0x51,0,1,331,331.6,13.054,-15,209084,2
1073,0x51,0,1,333,331.4,13.047,-14,209263,2
1074,0x51,0,1,337,331.9,13.066,-14,209442,2
1075,0x51,0,1,334,332.5,13.091,-14,209621,2
1076,0x51,0,2,333,333.0,13.109,-14,209800,2
1077,0x51,0,1,333,333.0,13.109,-14,209979,2
1078,0x51,0,1,335,333.0,13.109,-14,210158,2
1079,0x51,0,1,333,333.0,13.11,-14,210337,2
1080,0x51,0,1,331,333.0,13.11,-15,210516,2
1081,0x51,0,1,330,332.4,13.086,-15,210695,2
1082,0x51,0,1,330,331.7,13.058,-15,210874,2
1083,0x51,0,1,332,331.2,13.038,-15,211053,2
1084,0x51,0,1,333,331.4,13.048,-14,211232,2
1085,0x51,0,1,332,331.6,13.055,-15,211411,2
1086,0x51,0,1,332,331.7,13.06,-15,211590,2
1087,0x51,0,1,332,331.8,13.063,-15,211769,2
1088,0x51,0,1,332,331.9,13.065,-15,211948,2
1089,0x51,0,1,331,331.9,13.067,-15,212127,2
1090,0x51,0,1,332,331.9,13.068,-15,212306,2
1091,0x51,0,1,334,332.0,13.069,-15,212485,2
1092,0x51,0,1,334,332.6,13.093,-15,212664,2
1093,0x51,0,1,334,333.0,13.11,-15,212843,2
1094,0x51,0,1,333,333.3,13.122,-15,213022,2
1095,0x51,0,1,331,333.2,13.118,-15,213201,2
1096,0x51,0,1,330,332.5,13.092,-15,213380,2
1097,0x51,0,1,335,332.1,13.074,-14,213559,2
1098,0x51,0,1,336,333.0,13.109,-14,213738,2
1099,0x51,0,1,333,333.6,13.133,-15,213917,2
1100,0x51,0,1,331,333.4,13.126,-15,214096,2
1101,0x51,0,1,334,333.3,13.121,-15,214275,2
1102,0x51,0,1,332,332.9,13.106,-15,214454,2
1103,0x51,0,1,331,332.6,13.096,-16,214633,2
1104,0x51,0,1,334,332.4,13.088,-15,214812,2
1105,0x51,0,1,337,332.9,13.107,-15,214991,2
1106,0x51,0,1,335,333.5,13.131,-15,215170,2
1107,0x51,0,1,335,334.0,13.149,-15,215349,2
1108,0x51,0,2,330,334.3,13.161,-15,215528,2
1109,0x51,0,1,331,333.3,13.122,-16,215707,2
1110,0x51,0,2,331,332.6,13.095,-16,215886,2
1111,0x51,0,1,332,332.1,13.076,-16,216065,2
1112,0x51,0,1,332,332.1,13.074,-16,216244,2
1113,0x51,0,1,330,332.1,13.073,-16,216423,2
1114,0x51,0,2,330,331.4,13.049,-16,216602,2
1115,0x51,0,1,332,331.0,13.032,-17,216781,2
1116,0x51,0,1,333,331.3,13.044,-14,216960,2
1117,0x51,0,1,333,331.8,13.064,-15,217139,2
1118,0x51,0,1,334,332.2,13.078,-15,217318,2
1119,0x51,0,1,333,332.4,13.087,-15,217497,2
1120,0x51,0,1,332,332.6,13.094,-15,217676,2
1121,0x51,0,1,332,332.4,13.087,-15,217855,2
1122,0x51,0,1,331,332.3,13.082,-15,218034,2
1123,0x51,0,1,331,331.9,13.067,-15,218213,2
1124,0x51,0,1,331,331.6,13.056,-16,218392,2
1125,0x51,0,1,331,331.4,13.049,-15,218571,2
1126,0x51,0,1,332,331.3,13.044,-15,218750,2
1127,0x51,0,1,331,331.2,13.04,-15,218929,2
1128,0x51,0,2,330,331.2,13.037,-16,219108,2
1129,0x51,0,1,331,331.1,13.036,-15,219287,2
1130,0x51,0,1,332,331.1,13.034,-16,219466,2
1131,0x51,0,2,332,331.4,13.045,-15,219645,2
1132,0x51,0,1,332,331.5,13.053,-15,219824,2
1133,0x51,0,2,330,331.7,13.058,-15,220003,2
1134,0x51,0,1,337,331.8,13.062,-13,220182,2
1135,0x51,0,1,343,333.3,13.124,-16,220361,2
1136,0x51,0,1,350,336.2,13.238,-15,220540,2
1137,0x51,0,1,350,340.4,13.4,-11,220719,2
1138,0x51,0,1,350,343.3,13.514,-14,220898,2
1139,0x51,0,1,351,345.3,13.594,-16,221077,2
1140,0x51,0,1,348,346.7,13.649,-18,221256,2
1141,0x51,0,1,344,347.1,13.665,-21,221435,2
1142,0x51,0,1,361,347.4,13.676,-18,221614,2
1143,0x51,0,1,366,351.5,13.837,-19,221793,2
1144,0x51,0,1,360,354.3,13.949,-25,221972,2
1145,0x51,0,0,-1,354.3,13.949,0,222150,2
1146,0x51,0,1,360,356.0,14.017,-17,222331,2
1147,0x51,0,1,354,357.2,14.064,-21,222510,2
1148,0x51,0,2,349,356.3,14.026,-24,222689,2
1149,0x51,0,1,359,355.6,13.999,-20,222868,2
1150,0x51,0,1,354,355.1,13.98,-13,223047,2
1151,0x51,0,1,352,354.8,13.967,-11,223226,2
1152,0x51,0,1,356,354.5,13.958,-10,223405,2
1153,0x51,0,1,356,355.0,13.976,-11,223584,2
1154,0x51,0,1,359,355.3,13.988,-11,223763,2
1155,0x51,0,2,360,356.4,14.031,-12,223942,2
