frame id,address,retcode,numDistances,raw_mm,medianEMA_mm,medianEMA_in,p0 str,time now,LED status
58,0x51,0,1,476,446.7,17.586,-23,10035,4
59,0x51,0,1,415,451.1,17.759,-27,10206,4
60,0x51,0,1,415,445.7,17.546,-19,10377,4
61,0x51,0,1,414,441.1,17.365,-20,10548,4
62,0x51,0,1,397,437.0,17.205,-25,10719,4
63,0x51,0,0,-1,437.0,17.205,0,10889,4
64,0x51,0,0,-1,437.0,17.205,0,11061,4
65,0x51,0,1,468,433.6,17.069,-23,11234,4
66,0x51,0,2,445,435.3,17.137,-24,11405,4
67,0x51,0,1,441,436.7,17.194,-25,11576,4
68,0x51,0,1,401,437.4,17.219,-25,11747,4
69,0x51,0,1,447,437.9,17.241,-26,11918,4
70,0x51,0,1,472,439.3,17.294,-18,12089,4
71,0x51,0,0,-1,439.3,17.294,0,12259,4
72,0x51,0,1,513,444.2,17.488,-19,12432,4
73,0x51,0,1,501,452.7,17.823,-20,12603,4
74,0x51,0,0,-1,452.7,17.823,0,12773,4
75,0x51,0,1,469,460.0,18.108,-23,12946,4
76,0x51,0,1,421,461.3,18.162,-23,13117,4
77,0x51,0,1,401,455.3,17.924,-23,13288,4
78,0x51,0,1,404,447.6,17.621,-25,13459,4
79,0x51,0,1,402,440.7,17.352,-23,13630,4
80,0x51,0,1,411,435.2,17.135,-23,13801,4
81,0x51,0,1,396,430.2,16.939,-25,13972,3
82,0x51,0,1,409,427.1,16.813,-19,14143,3
83,0x51,0,1,405,423.7,16.683,-21,14314,3
84,0x51,0,2,397,420.9,16.572,-27,14485,3
85,0x51,0,1,398,417.5,16.437,-25,14656,3
86,0x51,0,0,-1,417.5,16.437,0,14826,3
87,0x51,0,1,419,414.6,16.322,-28,14999,3
88,0x51,0,1,417,414.9,16.336,-25,15170,3
89,0x51,0,1,440,415.5,16.36,-23,15341,3
90,0x51,0,1,438,418.9,16.493,-22,15512,3
91,0x51,0,2,421,421.8,16.605,-26,15683,3
92,0x51,0,1,467,424.2,16.701,-21,15854,3
93,0x51,0,1,490,430.6,16.954,-22,16025,3
94,0x51,0,2,406,436.1,17.169,-24,16196,4
95,0x51,0,2,416,433.1,17.05,-25,16367,4
96,0x51,0,1,481,430.5,16.949,-21,16538,3
97,0x51,0,1,400,428.3,16.864,-25,16709,3
98,0x51,0,0,-1,428.3,16.864,0,16879,3
99,0x51,0,1,427,428.1,16.856,-26,17052,3
100,0x51,0,0,-1,428.1,16.856,0,17222,3
101,0x51,0,0,-1,428.1,16.856,0,17394,3
102,0x51,0,1,412,425.7,16.76,-27,17567,3
103,0x51,0,1,419,424.7,16.721,-26,17738,3
104,0x51,0,1,407,422.8,16.646,-26,17909,3
105,0x51,0,1,429,422.2,16.623,-25,18080,3
106,0x51,0,0,-1,422.2,16.623,0,18250,3
107,0x51,0,1,431,423.2,16.663,-25,18423,3
108,0x51,0,0,-1,423.2,16.663,0,18593,3
109,0x51,0,0,-1,423.2,16.663,0,18765,3
110,0x51,0,1,428,424.1,16.697,-27,18938,3
111,0x51,0,1,439,425.1,16.738,-26,19109,3
112,0x51,0,1,436,426.8,16.802,-26,19280,3
113,0x51,0,1,432,428.2,16.857,-25,19451,3
114,0x51,0,1,466,429.3,16.903,-24,19622,3
115,0x51,0,1,434,430.0,16.93,-25,19793,3
116,0x51,0,0,-1,430.0,16.93,0,19963,3
117,0x51,0,0,-1,430.0,16.93,0,20135,3
118,0x51,0,1,446,432.4,17.025,-25,20308,4
119,0x51,0,1,447,434.5,17.105,-25,20479,4
120,0x51,0,1,409,436.2,17.173,-28,20650,4
121,0x51,0,1,404,432.1,17.012,-27,20821,4
122,0x51,0,1,411,428.6,16.876,-27,20992,3
123,0x51,0,0,-1,428.6,16.876,0,21162,3
124,0x51,0,1,437,426.0,16.772,-26,21335,3
125,0x51,0,0,-1,426.0,16.772,0,21505,3
126,0x51,0,1,425,425.9,16.766,-26,21678,3
127,0x51,0,1,446,427.5,16.832,-24,21849,3
128,0x51,0,1,412,427.1,16.817,-25,22020,3
129,0x51,0,2,420,426.1,16.775,-26,22191,3
130,0x51,0,1,444,425.2,16.739,-26,22362,3
131,0x51,0,1,447,428.0,16.85,-25,22533,3
132,0x51,0,1,448,430.8,16.962,-25,22704,3
133,0x51,0,1,429,433.3,17.058,-26,22875,4
134,0x51,0,0,-1,433.3,17.058,0,23045,4
135,0x51,0,1,453,435.5,17.145,-25,23218,4
136,0x51,0,0,-1,435.5,17.145,0,23388,4
137,0x51,0,1,426,434.5,17.106,-27,23561,4
138,0x51,0,1,433,434.3,17.098,-29,23732,4
139,0x51,0,1,398,433.0,17.049,-28,23903,4
140,0x51,0,1,402,428.4,16.865,-27,24074,3
141,0x51,0,0,-1,428.4,16.865,0,24244,3
142,0x51,0,1,402,424.4,16.71,-23,24417,3
143,0x51,0,1,404,421.1,16.577,-21,24588,3
144,0x51,0,2,401,418.2,16.465,-23,24759,3
145,0x51,0,2,405,416.1,16.381,-24,24930,3
146,0x51,0,2,404,414.3,16.309,-23,25101,3
147,0x51,0,1,398,412.7,16.249,-22,25272,3
148,0x51,0,1,405,411.4,16.197,-23,25443,3
149,0x51,0,1,401,409.9,16.136,-24,25614,3
150,0x51,0,1,406,409.1,16.107,-25,25785,3
151,0x51,0,1,406,408.7,16.089,-26,25956,3
152,0x51,0,0,-1,408.7,16.089,0,26126,3
153,0x51,0,2,405,408.3,16.073,-22,26299,3
154,0x51,0,1,406,407.9,16.06,-21,26470,3
155,0x51,0,2,406,407.6,16.048,-23,26641,3
156,0x51,0,1,419,407.4,16.039,-24,26812,3
157,0x51,0,1,411,407.9,16.06,-22,26983,3
158,0x51,0,2,410,408.4,16.078,-21,27154,3
159,0x51,0,2,410,408.6,16.088,-22,27325,3
160,0x51,0,1,446,408.8,16.096,-20,27496,3
161,0x51,0,1,400,409.0,16.103,-27,27667,3
162,0x51,0,1,431,412.3,16.233,-25,27838,3
163,0x51,0,0,-1,412.3,16.233,0,28008,3
164,0x51,0,1,503,415.1,16.343,-18,28181,3
165,0x51,0,1,499,427.7,16.838,-18,28352,3
166,0x51,0,2,474,438.4,17.26,-23,28523,4
167,0x51,0,1,281,443.7,17.47,-37,28694,4
168,0x51,0,1,254,419.3,16.509,-37,28865,3
169,0x51,0,1,296,398.6,15.692,-24,29036,3
170,0x51,0,1,313,383.2,15.086,-31,29207,3
171,0x51,0,2,298,370.4,14.583,-29,29378,2
172,0x51,0,2,242,359.5,14.155,-28,29549,2
173,0x51,0,2,212,341.9,13.461,-38,29720,2
174,0x51,0,1,339,326.9,12.871,-26,29891,1
175,0x51,0,1,344,328.7,12.943,-23,30062,1
176,0x51,0,2,375,331.0,13.033,-22,30233,2
177,0x51,0,2,200,333.0,13.109,-39,30404,2
178,0x51,0,1,202,313.3,12.336,-36,30575,1
179,0x51,0,2,218,296.6,11.678,-32,30746,1
180,0x51,0,2,217,284.7,11.208,-36,30917,1
181,0x51,0,2,204,274.5,10.808,-36,31088,1
182,0x51,0,1,319,265.9,10.469,-27,31259,1
183,0x51,0,1,392,273.9,10.782,-22,31430,1
184,0x51,0,2,213,280.6,11.049,-40,31601,1
185,0x51,0,1,458,297.3,11.706,-16,31772,1
186,0x51,0,1,390,311.2,12.254,-25,31943,1
187,0x51,0,1,367,323.1,12.719,-30,32114,1
188,0x51,0,0,-1,323.1,12.719,0,32284,1
189,0x51,0,0,-1,323.1,12.719,0,32456,1
190,0x51,0,0,-1,323.1,12.719,0,32628,1
191,0x51,0,0,-1,323.1,12.719,0,32800,1
192,0x51,0,1,472,333.1,13.114,-18,32973,2
193,0x51,0,1,421,346.3,13.633,-21,33144,2
194,0x51,0,1,395,357.5,14.074,-22,33315,2
195,0x51,0,2,354,363.1,14.296,-23,33486,2
196,0x51,0,1,407,367.9,14.484,-20,33657,2
197,0x51,0,1,408,373.8,14.715,-25,33828,2
198,0x51,0,0,-1,373.8,14.715,0,33998,2
199,0x51,0,1,417,378.9,14.917,-24,34171,2
200,0x51,0,1,460,384.6,15.142,-20,34342,3
201,0x51,0,2,478,395.9,15.587,-24,34513,3
202,0x51,0,0,-1,395.9,15.587,0,34683,3
203,0x51,0,1,457,405.5,15.966,-19,34856,3
204,0x51,0,1,455,413.3,16.27,-23,35027,3
205,0x51,0,0,-1,413.3,16.27,0,35197,3
206,0x51,0,1,688,419.8,16.528,-21,35370,3
207,0x51,0,0,-1,419.8,16.528,0,35540,3
208,0x51,0,1,517,434.4,17.102,-20,35713,4
209,0x51,0,0,-1,434.4,17.102,0,35883,4
210,0x51,0,0,-1,434.4,17.102,0,36055,4
211,0x51,0,1,600,459.2,18.08,-18,36228,4
212,0x51,0,1,501,467.9,18.421,-17,36399,4
213,0x51,0,0,-1,467.9,18.421,0,36569,4
214,0x51,0,0,-1,467.9,18.421,0,36741,4
215,0x51,0,1,465,472.9,18.617,-20,36914,4
216,0x51,0,1,428,471.7,18.57,-26,37085,4
217,0x51,0,0,-1,471.7,18.57,0,37255,4
218,0x51,0,1,409,465.1,18.312,-23,37428,4
219,0x51,0,1,410,456.9,17.987,-26,37599,4
220,0x51,0,1,400,449.7,17.704,-21,37770,4
221,0x51,0,0,-1,449.7,17.704,0,37940,4
222,0x51,0,1,438,443.7,17.47,-25,38113,4
223,0x51,0,0,-1,443.7,17.47,0,38283,4
224,0x51,0,1,394,437.2,17.211,-21,38456,4
225,0x51,0,1,415,433.8,17.081,-25,38627,4
226,0x51,0,1,431,431.0,16.969,-23,38798,3
227,0x51,0,1,444,431.0,16.969,-24,38969,3
228,0x51,0,1,423,431.0,16.969,-22,39140,3
229,0x51,0,1,421,429.8,16.922,-20,39311,3
230,0x51,0,1,442,428.8,16.881,-25,39482,3
231,0x51,0,1,427,428.5,16.871,-23,39653,3
232,0x51,0,0,-1,428.5,16.871,0,39823,3
233,0x51,0,1,427,428.3,16.862,-26,39996,3
234,0x51,0,1,426,428.1,16.854,-25,40167,3
235,0x51,0,1,416,427.8,16.842,-24,40338,3
236,0x51,0,1,434,427.5,16.831,-26,40509,3
237,0x51,0,0,-1,427.5,16.831,0,40679,3
238,0x51,0,2,432,428.2,16.858,-23,40852,3
239,0x51,0,0,-1,428.2,16.858,0,41022,3
240,0x51,0,0,-1,428.2,16.858,0,41194,3
241,0x51,0,0,-1,428.2,16.858,0,41366,3
242,0x51,0,0,-1,428.2,16.858,0,41538,3
243,0x51,0,0,-1,428.2,16.858,0,41710,3
244,0x51,0,1,620,429.1,16.892,-22,41883,3
245,0x51,0,1,194,429.5,16.91,-44,42054,3
246,0x51,0,0,-1,429.5,16.91,0,42224,3
247,0x51,0,0,-1,429.5,16.91,0,42396,3
248,0x51,0,0,-1,429.5,16.91,0,42568,3
249,0x51,0,1,671,458.1,18.035,-16,42741,4
250,0x51,0,1,180,418.5,16.475,-40,42912,3
251,0x51,0,0,-1,418.5,16.475,0,43082,3
252,0x51,0,0,-1,418.5,16.475,0,43254,3
253,0x51,0,1,537,436.2,17.175,-21,43427,4
254,0x51,0,0,-1,436.2,17.175,0,43597,4
255,0x51,0,0,-1,436.2,17.175,0,43769,4
256,0x51,0,1,735,451.4,17.77,-18,43942,4
257,0x51,0,1,780,493.9,19.445,-16,44113,5
258,0x51,0,0,-1,493.9,19.445,0,44283,5
259,0x51,0,0,-1,493.9,19.445,0,44455,5
260,0x51,0,0,-1,493.9,19.445,0,44627,5
261,0x51,0,0,-1,493.9,19.445,0,44799,5
262,0x51,0,0,-1,493.9,19.445,0,44971,5
263,0x51,0,0,-1,493.9,19.445,0,45143,5
264,0x51,0,0,-1,493.9,19.445,0,45315,5
265,0x51,0,0,-1,493.9,19.445,0,45487,5
266,0x51,0,0,-1,493.9,19.445,0,45659,5
267,0x51,0,0,-1,493.9,19.445,0,45831,5
268,0x51,0,0,-1,493.9,19.445,0,46003,5
269,0x51,0,0,-1,493.9,19.445,0,46175,5
270,0x51,0,0,-1,493.9,19.445,0,46347,5
271,0x51,0,0,-1,493.9,19.445,0,46519,5
272,0x51,0,0,-1,493.9,19.445,0,46691,5
273,0x51,0,0,-1,493.9,19.445,0,46863,5
274,0x51,0,0,-1,493.9,19.445,0,47035,5
275,0x51,0,0,-1,493.9,19.445,0,47207,5
276,0x51,0,0,-1,493.9,19.445,0,47379,5
277,0x51,0,0,-1,493.9,19.445,0,47551,5
278,0x51,0,0,-1,493.9,19.445,0,47723,5
279,0x51,0,1,742,531.1,20.91,-17,47896,5
280,0x51,0,1,701,562.8,22.156,-15,48067,5
281,0x51,0,0,-1,562.8,22.156,0,48237,5
282,0x51,0,0,-1,562.8,22.156,0,48409,5
283,0x51,0,0,-1,562.8,22.156,0,48581,5
284,0x51,0,0,-1,562.8,22.156,0,48753,5
285,0x51,0,1,779,589.6,23.214,-17,48926,5
286,0x51,0,0,-1,589.6,23.214,0,49096,5
287,0x51,0,0,-1,589.6,23.214,0,49268,5
288,0x51,0,0,-1,589.6,23.214,0,49440,5
289,0x51,0,0,-1,589.6,23.214,0,49612,5
290,0x51,0,0,-1,589.6,23.214,0,49784,5
291,0x51,0,0,-1,589.6,23.214,0,49956,5
292,0x51,0,0,-1,589.6,23.214,0,50128,5
293,0x51,0,0,-1,589.6,23.214,0,50300,5
294,0x51,0,0,-1,589.6,23.214,0,50472,5
295,0x51,0,0,-1,589.6,23.214,0,50644,5
296,0x51,0,0,-1,589.6,23.214,0,50816,5
297,0x51,0,0,-1,589.6,23.214,0,50988,5
298,0x51,0,0,-1,589.6,23.214,0,51160,5
299,0x51,0,0,-1,589.6,23.214,0,51332,5
300,0x51,0,0,-1,589.6,23.214,0,51504,5
301,0x51,0,0,-1,589.6,23.214,0,51676,5
302,0x51,0,0,-1,589.6,23.214,0,51849,5
303,0x51,0,0,-1,589.6,23.214,0,52022,5
304,0x51,0,0,-1,589.6,23.214,0,52196,5
305,0x51,0,0,-1,589.6,23.214,0,52370,5
306,0x51,0,0,-1,589.6,23.214,0,52544,5
307,0x51,0,0,-1,589.6,23.214,0,52718,5
308,0x51,0,0,-1,589.6,23.214,0,52892,5
309,0x51,0,0,-1,589.6,23.214,0,53066,5
310,0x51,0,0,-1,589.6,23.214,0,53240,5
311,0x51,0,0,-1,589.6,23.214,0,53414,5
312,0x51,0,0,-1,589.6,23.214,0,53588,5
313,0x51,0,0,-1,589.6,23.214,0,53762,5
314,0x51,0,0,-1,589.6,23.214,0,53936,5
315,0x51,0,0,-1,589.6,23.214,0,54110,5
316,0x51,0,0,-1,589.6,23.214,0,54284,5
317,0x51,0,0,-1,589.6,23.214,0,54458,5
318,0x51,0,0,-1,589.6,23.214,0,54632,5
319,0x51,0,0,-1,589.6,23.214,0,54806,5
320,0x51,0,0,-1,589.6,23.214,0,54980,5
321,0x51,0,0,-1,589.6,23.214,0,55154,5
322,0x51,0,0,-1,589.6,23.214,0,55328,5
323,0x51,0,0,-1,589.6,23.214,0,55502,5
324,0x51,0,0,-1,589.6,23.214,0,55677,5
325,0x51,0,0,-1,589.6,23.214,0,55851,5
326,0x51,0,0,-1,589.6,23.214,0,56026,5
327,0x51,0,0,-1,589.6,23.214,0,56200,5
328,0x51,0,0,-1,589.6,23.214,0,56374,5
329,0x51,0,0,-1,589.6,23.214,0,56548,5
330,0x51,0,0,-1,589.6,23.214,0,56722,5
331,0x51,0,0,-1,589.6,23.214,0,56897,5
332,0x51,0,0,-1,589.6,23.214,0,57072,5
333,0x51,0,0,-1,589.6,23.214,0,57247,5
334,0x51,0,0,-1,589.6,23.214,0,57422,5
335,0x51,0,0,-1,589.6,23.214,0,57597,5
336,0x51,0,0,-1,589.6,23.214,0,57770,5
337,0x51,0,0,-1,589.6,23.214,0,57942,5
338,0x51,0,0,-1,589.6,23.214,0,58114,5
339,0x51,0,0,-1,589.6,23.214,0,58286,5
340,0x51,0,0,-1,589.6,23.214,0,58460,5
341,0x51,0,0,-1,589.6,23.214,0,58632,5
342,0x51,0,0,-1,589.6,23.214,0,58804,5
343,0x51,0,0,-1,589.6,23.214,0,58976,5
344,0x51,0,0,-1,589.6,23.214,0,59149,5
345,0x51,0,0,-1,589.6,23.214,0,59323,5
346,0x51,0,0,-1,589.6,23.214,0,59496,5
347,0x51,0,0,-1,589.6,23.214,0,59670,5
348,0x51,0,0,-1,589.6,23.214,0,59843,5
349,0x51,0,0,-1,589.6,23.214,0,60016,5
350,0x51,0,0,-1,589.6,23.214,0,60191,5
351,0x51,0,0,-1,589.6,23.214,0,60366,5
352,0x51,0,0,-1,589.6,23.214,0,60541,5
353,0x51,0,0,-1,589.6,23.214,0,60717,5
354,0x51,0,0,-1,589.6,23.214,0,60893,5
355,0x51,0,0,-1,589.6,23.214,0,61068,5
356,0x51,0,0,-1,589.6,23.214,0,61243,5
357,0x51,0,0,-1,589.6,23.214,0,61418,5
358,0x51,0,0,-1,589.6,23.214,0,61594,5
359,0x51,0,0,-1,589.6,23.214,0,61769,5
360,0x51,0,0,-1,589.6,23.214,0,61941,5
361,0x51,0,0,-1,589.6,23.214,0,62113,5
362,0x51,0,0,-1,589.6,23.214,0,62285,5
363,0x51,0,0,-1,589.6,23.214,0,62457,5
364,0x51,0,0,-1,589.6,23.214,0,62629,5
365,0x51,0,0,-1,589.6,23.214,0,62801,5
366,0x51,0,0,-1,589.6,23.214,0,62973,5
367,0x51,0,0,-1,589.6,23.214,0,63145,5
368,0x51,0,0,-1,589.6,23.214,0,63317,5
369,0x51,0,0,-1,589.6,23.214,0,63489,5
370,0x51,0,0,-1,589.6,23.214,0,63661,5
371,0x51,0,0,-1,589.6,23.214,0,63833,5
372,0x51,0,0,-1,589.6,23.214,0,64005,5
373,0x51,0,0,-1,589.6,23.214,0,64177,5
374,0x51,0,0,-1,589.6,23.214,0,64349,5
375,0x51,0,0,-1,589.6,23.214,0,64521,5
376,0x51,0,0,-1,589.6,23.214,0,64693,5
377,0x51,0,0,-1,589.6,23.214,0,64865,5
378,0x51,0,0,-1,589.6,23.214,0,65037,5
379,0x51,0,0,-1,589.6,23.214,0,65209,5
380,0x51,0,0,-1,589.6,23.214,0,65381,5
381,0x51,0,0,-1,589.6,23.214,0,65553,5
382,0x51,0,0,-1,589.6,23.214,0,65725,5
383,0x51,0,0,-1,589.6,23.214,0,65897,5
384,0x51,0,0,-1,589.6,23.214,0,66069,5
385,0x51,0,0,-1,589.6,23.214,0,66242,5
386,0x51,0,0,-1,589.6,23.214,0,66415,5
387,0x51,0,0,-1,589.6,23.214,0,66587,5
388,0x51,0,0,-1,589.6,23.214,0,66760,5
389,0x51,0,0,-1,589.6,23.214,0,66933,5
390,0x51,0,0,-1,589.6,23.214,0,67106,5
391,0x51,0,0,-1,589.6,23.214,0,67278,5
392,0x51,0,0,-1,589.6,23.214,0,67450,5
393,0x51,0,0,-1,589.6,23.214,0,67622,5
394,0x51,0,0,-1,589.6,23.214,0,67794,5
395,0x51,0,0,-1,589.6,23.214,0,67966,5
396,0x51,0,0,-1,589.6,23.214,0,68138,5
397,0x51,0,0,-1,589.6,23.214,0,68310,5
398,0x51,0,0,-1,589.6,23.214,0,68482,5
399,0x51,0,0,-1,589.6,23.214,0,68654,5
400,0x51,0,0,-1,589.6,23.214,0,68826,5
401,0x51,0,0,-1,589.6,23.214,0,68998,5
402,0x51,0,0,-1,589.6,23.214,0,69170,5
403,0x51,0,0,-1,589.6,23.214,0,69342,5
404,0x51,0,0,-1,589.6,23.214,0,69514,5
405,0x51,0,0,-1,589.6,23.214,0,69686,5
406,0x51,0,0,-1,589.6,23.214,0,69858,5
407,0x51,0,0,-1,589.6,23.214,0,70030,5
408,0x51,0,0,-1,589.6,23.214,0,70202,5
409,0x51,0,0,-1,589.6,23.214,0,70374,5
410,0x51,0,0,-1,589.6,23.214,0,70546,5
411,0x51,0,0,-1,589.6,23.214,0,70718,5
412,0x51,0,0,-1,589.6,23.214,0,70890,5
413,0x51,0,0,-1,589.6,23.214,0,71062,5
414,0x51,0,0,-1,589.6,23.214,0,71234,5
415,0x51,0,0,-1,589.6,23.214,0,71406,5
416,0x51,0,0,-1,589.6,23.214,0,71578,5
417,0x51,0,0,-1,589.6,23.214,0,71750,5
418,0x51,0,0,-1,589.6,23.214,0,71922,5
419,0x51,0,0,-1,589.6,23.214,0,72094,5
420,0x51,0,0,-1,589.6,23.214,0,72266,5
421,0x51,0,0,-1,589.6,23.214,0,72438,5
422,0x51,0,0,-1,589.6,23.214,0,72610,5
423,0x51,0,0,-1,589.6,23.214,0,72782,5
424,0x51,0,0,-1,589.6,23.214,0,72955,5
425,0x51,0,0,-1,589.6,23.214,0,73127,5
426,0x51,0,0,-1,589.6,23.214,0,73299,5
427,0x51,0,0,-1,589.6,23.214,0,73471,5
428,0x51,0,0,-1,589.6,23.214,0,73643,5
429,0x51,0,0,-1,589.6,23.214,0,73815,5
430,0x51,0,0,-1,589.6,23.214,0,73987,5
431,0x51,0,0,-1,589.6,23.214,0,74159,5
432,0x51,0,0,-1,589.6,23.214,0,74331,5
433,0x51,0,0,-1,589.6,23.214,0,74503,5
434,0x51,0,0,-1,589.6,23.214,0,74675,5
435,0x51,0,0,-1,589.6,23.214,0,74847,5
436,0x51,0,0,-1,589.6,23.214,0,75019,5
437,0x51,0,0,-1,589.6,23.214,0,75191,5
438,0x51,0,0,-1,589.6,23.214,0,75363,5
439,0x51,0,0,-1,589.6,23.214,0,75535,5
440,0x51,0,0,-1,589.6,23.214,0,75707,5
441,0x51,0,0,-1,589.6,23.214,0,75879,5
442,0x51,0,0,-1,589.6,23.214,0,76051,5
443,0x51,0,0,-1,589.6,23.214,0,76223,5
444,0x51,0,0,-1,589.6,23.214,0,76395,5
445,0x51,0,0,-1,589.6,23.214,0,76567,5
446,0x51,0,0,-1,589.6,23.214,0,76739,5
447,0x51,0,0,-1,589.6,23.214,0,76911,5
448,0x51,0,0,-1,589.6,23.214,0,77083,5
449,0x51,0,0,-1,589.6,23.214,0,77255,5
450,0x51,0,0,-1,589.6,23.214,0,77427,5
451,0x51,0,0,-1,589.6,23.214,0,77599,5
452,0x51,0,0,-1,589.6,23.214,0,77771,5
453,0x51,0,0,-1,589.6,23.214,0,77943,5
454,0x51,0,0,-1,589.6,23.214,0,78115,5
455,0x51,0,0,-1,589.6,23.214,0,78287,5
456,0x51,0,0,-1,589.6,23.214,0,78459,5
457,0x51,0,0,-1,589.6,23.214,0,78631,5
458,0x51,0,0,-1,589.6,23.214,0,78803,5
459,0x51,0,0,-1,589.6,23.214,0,78975,5
460,0x51,0,0,-1,589.6,23.214,0,79147,5
461,0x51,0,0,-1,589.6,23.214,0,79319,5
462,0x51,0,0,-1,589.6,23.214,0,79491,5
463,0x51,0,0,-1,589.6,23.214,0,79663,5
464,0x51,0,0,-1,589.6,23.214,0,79835,5
465,0x51,0,0,-1,589.6,23.214,0,80007,5
466,0x51,0,0,-1,589.6,23.214,0,80179,5
467,0x51,0,0,-1,589.6,23.214,0,80351,5
468,0x51,0,1,516,606.3,23.872,-20,80525,5
469,0x51,0,1,417,592.8,23.338,-25,80697,5
470,0x51,0,1,468,574.1,22.601,-19,80869,5
471,0x51,0,1,401,550.5,21.674,-22,81041,5
472,0x51,0,1,510,538.1,21.186,-17,81213,5
473,0x51,0,1,374,517.6,20.377,-24,81385,5
474,0x51,0,1,351,496.0,19.529,-27,81557,5
475,0x51,0,1,373,477.6,18.802,-22,81729,4
476,0x51,0,1,332,458.6,18.055,-24,81901,4
477,0x51,0,1,397,445.8,17.549,-26,82073,4
478,0x51,0,1,317,428.7,16.877,-27,82245,3
479,0x51,0,2,267,411.9,16.218,-29,82417,3
480,0x51,0,3,257,390.2,15.362,-29,82589,3
481,0x51,0,1,288,371.7,14.634,-24,82761,2
482,0x51,0,2,261,355.1,13.981,-32,82933,2
483,0x51,0,2,307,345.0,13.584,-24,83105,2
484,0x51,0,1,298,338.0,13.307,-28,83277,2
485,0x51,0,2,265,332.0,13.07,-31,83449,2
486,0x51,0,2,300,326.9,12.87,-27,83621,1
487,0x51,0,0,-1,326.9,12.87,0,83792,1
488,0x51,0,1,449,322.9,12.711,-18,83966,1
489,0x51,0,1,358,328.1,12.918,-25,84138,1
490,0x51,0,2,315,332.6,13.095,-27,84310,2
491,0x51,0,1,389,336.4,13.245,-23,84482,2
492,0x51,0,2,329,335.3,13.201,-31,84654,2
493,0x51,0,1,392,343.4,13.518,-26,84826,2
494,0x51,0,1,386,349.8,13.77,-20,84998,2
495,0x51,0,1,353,355.2,13.984,-25,85170,2
496,0x51,0,1,388,359.8,14.166,-20,85342,2
497,0x51,0,1,390,364.0,14.332,-23,85514,2
498,0x51,0,0,-1,364.0,14.332,0,85685,2
499,0x51,0,1,394,367.9,14.486,-23,85859,2
500,0x51,0,1,395,371.8,14.64,-22,86031,2
501,0x51,0,1,399,375.3,14.776,-20,86203,2
502,0x51,0,2,385,378.3,14.893,-20,86375,2
503,0x51,0,1,342,379.3,14.932,-24,86547,2
504,0x51,0,1,423,380.1,14.966,-21,86719,2
505,0x51,0,1,402,383.4,15.095,-22,86891,3
506,0x51,0,2,360,386.2,15.205,-24,87063,3
507,0x51,0,1,365,383.0,15.08,-29,87235,3
508,0x51,0,1,332,379.6,14.944,-30,87407,2
509,0x51,0,1,387,377.4,14.858,-24,87579,2
510,0x51,0,2,356,374.2,14.731,-26,87751,2
511,0x51,0,1,358,371.8,14.636,-27,87923,2
512,0x51,0,1,378,369.7,14.555,-29,88095,2
513,0x51,0,2,460,370.9,14.604,-20,88267,2
514,0x51,0,1,405,376.0,14.805,-24,88439,2
515,0x51,0,0,-1,376.0,14.805,0,88610,2
516,0x51,0,1,334,380.4,14.976,-30,88784,2
517,0x51,0,1,447,384.1,15.121,-18,88956,3
518,0x51,0,1,380,383.5,15.097,-27,89128,3
519,0x51,0,1,367,382.9,15.077,-25,89300,3
520,0x51,0,2,350,380.6,14.982,-23,89472,2
521,0x51,0,1,357,377.0,14.843,-28,89644,2
522,0x51,0,1,485,374.0,14.725,-17,89816,2
523,0x51,0,1,403,378.4,14.896,-27,89988,2
524,0x51,0,1,460,390.6,15.378,-14,90160,3
525,0x51,0,0,-1,390.6,15.378,0,90331,3
526,0x51,0,2,425,395.8,15.581,-21,90505,3
527,0x51,0,2,461,405.4,15.961,-24,90677,3
528,0x51,0,1,462,413.7,16.289,-20,90849,3
529,0x51,0,0,-1,413.7,16.289,0,91020,3
530,0x51,0,2,360,420.8,16.568,-25,91194,3
531,0x51,0,1,427,421.8,16.605,-19,91366,3
532,0x51,0,1,405,419.2,16.506,-19,91538,3
533,0x51,0,1,393,417.1,16.422,-21,91710,3
534,0x51,0,2,424,415.3,16.35,-18,91882,3
535,0x51,0,2,421,416.1,16.384,-19,92054,3
536,0x51,0,2,443,417.3,16.43,-18,92226,3
537,0x51,0,2,355,417.9,16.452,-25,92398,3
538,0x51,0,1,372,411.0,16.181,-21,92570,3
539,0x51,0,1,568,405.1,15.951,-22,92742,3
540,0x51,0,1,464,414.0,16.298,-18,92914,3
541,0x51,0,1,454,421.5,16.594,-22,93086,3
542,0x51,0,1,403,426.4,16.786,-23,93258,3
543,0x51,0,2,427,426.5,16.789,-20,93430,3
544,0x51,0,1,448,426.5,16.793,-18,93602,3
545,0x51,0,1,419,426.6,16.795,-22,93774,3
546,0x51,0,1,387,425.5,16.751,-22,93946,3
547,0x51,0,3,360,419.7,16.523,-25,94118,3
548,0x51,0,1,389,414.8,16.33,-23,94290,3
549,0x51,0,1,489,410.9,16.178,-19,94462,3
550,0x51,0,1,589,422.6,16.639,-19,94634,3
551,0x51,0,2,392,432.6,17.031,-19,94806,4
552,0x51,0,1,372,426.5,16.791,-18,94978,3
553,0x51,0,1,364,418.3,16.469,-22,95150,3
554,0x51,0,1,337,410.2,16.149,-23,95322,3
555,0x51,0,1,334,399.2,15.717,-20,95494,3
556,0x51,0,1,368,389.9,15.349,-20,95666,3
557,0x51,0,2,360,385.4,15.173,-22,95838,3
558,0x51,0,2,286,381.6,15.023,-30,96010,3
559,0x51,0,1,332,374.1,14.73,-20,96182,2
560,0x51,0,1,327,367.1,14.452,-23,96354,2
561,0x51,0,2,365,361.8,14.245,-25,96526,2
562,0x51,0,2,375,362.3,14.263,-23,96698,2
563,0x51,0,2,361,362.7,14.279,-27,96870,2
564,0x51,0,1,392,364.5,14.352,-28,97042,2
565,0x51,0,2,455,368.7,14.514,-16,97214,2
566,0x51,0,2,390,372.2,14.652,-19,97386,2
567,0x51,0,1,441,382.5,15.059,-23,97558,3
568,0x51,0,1,369,383.6,15.103,-25,97730,3
569,0x51,0,1,462,392.2,15.442,-20,97902,3
570,0x51,0,1,432,398.2,15.677,-19,98074,3
571,0x51,0,1,387,403.3,15.876,-23,98246,3
572,0x51,0,2,380,400.8,15.78,-24,98418,3
573,0x51,0,2,397,398.7,15.699,-23,98590,3
574,0x51,0,1,508,398.5,15.688,-16,98762,3
575,0x51,0,1,413,400.7,15.774,-18,98934,3
576,0x51,0,1,437,406.1,15.989,-15,99106,3
577,0x51,0,1,407,407.1,16.029,-23,99278,3
578,0x51,0,1,397,407.1,16.029,-16,99450,3
579,0x51,0,1,373,405.6,15.969,-26,99622,3
580,0x51,0,1,407,404.3,15.918,-16,99794,3
581,0x51,0,2,370,399.6,15.733,-25,99966,3
582,0x51,0,1,392,398.5,15.688,-20,100138,3
583,0x51,0,1,408,397.5,15.65,-15,100310,3
584,0x51,0,1,405,398.6,15.694,-17,100482,3
585,0x51,0,1,387,399.6,15.732,-23,100654,3
586,0x51,0,2,353,397.7,15.657,-30,100826,3
587,0x51,0,1,457,396.1,15.594,-18,100998,3
588,0x51,0,1,423,400.1,15.753,-21,101170,3
589,0x51,0,1,449,407.5,16.042,-20,101342,3
590,0x51,0,1,332,409.8,16.133,-23,101514,3
591,0x51,0,2,298,398.1,15.674,-28,101686,3
592,0x51,0,2,378,388.2,15.284,-25,101858,3
593,0x51,0,1,431,386.7,15.223,-21,102030,3
594,0x51,0,1,427,392.7,15.461,-20,102202,3
595,0x51,0,2,419,397.9,15.664,-19,102374,3
596,0x51,0,2,386,401.0,15.789,-21,102546,3
597,0x51,0,1,401,401.0,15.789,-20,102718,3
598,0x51,0,1,378,398.8,15.7,-19,102890,3
599,0x51,0,2,377,395.7,15.577,-18,103062,3
600,0x51,0,1,428,393.0,15.473,-20,103234,3
601,0x51,0,2,360,390.6,15.378,-24,103406,3
602,0x51,0,2,423,395.5,15.57,-17,103578,3
603,0x51,0,1,408,397.3,15.644,-16,103750,3
604,0x51,0,2,416,400.1,15.754,-25,103922,3
605,0x51,0,3,365,401.3,15.8,-26,104094,3
606,0x51,0,1,419,403.5,15.887,-19,104266,3
607,0x51,0,1,387,401.0,15.789,-24,104438,3
608,0x51,0,2,378,398.9,15.706,-21,104610,3
609,0x51,0,1,343,395.8,15.583,-20,104782,3
610,0x51,0,2,329,387.9,15.271,-22,104954,3
611,0x51,0,1,343,381.1,15.006,-19,105126,3
612,0x51,0,1,475,375.4,14.781,-22,105298,2
613,0x51,0,2,298,370.6,14.589,-26,105470,2
614,0x51,0,1,373,370.9,14.603,-21,105642,2
615,0x51,0,1,362,369.6,14.551,-20,105814,2
616,0x51,0,0,-1,369.6,14.551,0,105985,2
617,0x51,0,1,350,368.4,14.506,-21,106159,2
618,0x51,0,2,330,365.7,14.397,-22,106331,2
619,0x51,0,1,359,363.3,14.304,-25,106503,2
620,0x51,0,1,365,362.7,14.279,-25,106675,2
621,0x51,0,1,513,363.0,14.292,-17,106847,2
622,0x51,0,1,457,377.1,14.847,-20,107019,2
623,0x51,0,1,451,389.1,15.319,-19,107191,3
624,0x51,0,1,433,398.4,15.685,-21,107363,3
625,0x51,0,1,413,403.6,15.889,-20,107535,3
626,0x51,0,1,441,408.0,16.063,-21,107707,3
627,0x51,0,2,421,409.9,16.14,-22,107879,3
628,0x51,0,1,503,414.6,16.323,-20,108051,3
629,0x51,0,1,464,422.0,16.615,-16,108223,3
630,0x51,0,1,442,428.3,16.863,-16,108395,3
631,0x51,0,0,-1,428.3,16.863,0,108566,3
632,0x51,0,2,411,430.4,16.943,-23,108740,3
633,0x51,0,1,546,432.1,17.012,-16,108912,4
634,0x51,0,1,537,447.8,17.632,-19,109084,4
635,0x51,0,1,574,462.6,18.211,-17,109256,4
636,0x51,0,1,434,473.7,18.651,-24,109428,4
637,0x51,0,1,458,471.4,18.558,-20,109600,4
638,0x51,0,1,451,468.3,18.438,-18,109772,4
639,0x51,0,2,416,465.7,18.335,-17,109944,4
640,0x51,0,2,476,463.5,18.248,-17,110116,4
641,0x51,0,1,377,456.4,17.968,-24,110288,4
642,0x51,0,2,329,444.5,17.499,-32,110460,4
643,0x51,0,2,387,434.4,17.101,-26,110632,4
644,0x51,0,1,468,427.3,16.821,-21,110804,3
645,0x51,0,2,482,433.4,17.062,-22,110976,4
646,0x51,0,1,567,440.7,17.349,-20,111148,4
647,0x51,0,2,354,446.9,17.593,-19,111320,4
648,0x51,0,2,383,437.3,17.216,-18,111492,4
649,0x51,0,2,494,429.1,16.895,-16,111664,3
650,0x51,0,2,371,422.2,16.623,-24,111836,3
651,0x51,0,1,348,414.5,16.32,-21,112008,3
652,0x51,0,3,253,404.6,15.927,-28,112180,3
653,0x51,0,1,290,387.4,15.251,-25,112352,3
654,0x51,0,1,366,372.8,14.676,-27,112524,2
655,0x51,0,2,310,363.4,14.305,-26,112696,2
656,0x51,0,1,298,355.3,13.99,-21,112868,2
657,0x51,0,2,317,348.5,13.722,-24,113040,2
658,0x51,0,3,329,343.8,13.536,-25,113212,2
659,0x51,0,2,382,341.6,13.449,-25,113384,2
660,0x51,0,2,363,344.8,13.575,-20,113556,2
661,0x51,0,1,390,350.4,13.795,-24,113728,2
662,0x51,0,1,354,352.3,13.869,-23,113900,2
663,0x51,0,2,375,355.7,14.003,-27,114072,2
664,0x51,0,1,471,358.6,14.117,-20,114244,2
665,0x51,0,2,389,363.1,14.297,-22,114416,2
666,0x51,0,1,366,367.0,14.45,-24,114588,2
667,0x51,0,2,421,370.3,14.58,-21,114760,2
668,0x51,0,1,349,369.7,14.554,-21,114931,2
669,0x51,0,1,365,369.0,14.526,-22,115103,2
670,0x51,0,2,356,367.0,14.45,-21,115275,2
671,0x51,0,1,484,366.7,14.438,-15,115446,2
672,0x51,0,1,511,384.3,15.13,-19,115618,3
673,0x51,0,1,487,399.7,15.737,-18,115789,3
674,0x51,0,1,426,412.8,16.252,-22,115960,3
675,0x51,0,2,473,421.8,16.608,-23,116132,3
676,0x51,0,1,402,422.5,16.632,-22,116304,3
677,0x51,0,1,391,419.4,16.512,-21,116476,3
678,0x51,0,1,363,415.1,16.344,-20,116648,3
679,0x51,0,1,433,411.5,16.201,-19,116820,3
680,0x51,0,1,343,404.2,15.915,-19,116992,3
681,0x51,0,0,-1,404.2,15.915,0,117163,3
682,0x51,0,1,362,397.9,15.665,-20,117337,3
683,0x51,0,1,450,392.5,15.453,-22,117509,3
684,0x51,0,3,359,387.9,15.273,-23,117681,3
685,0x51,0,2,375,386.0,15.197,-20,117853,3
686,0x51,0,2,358,381.9,15.037,-26,118025,3
687,0x51,0,1,547,380.9,14.996,-23,118197,2
688,0x51,0,2,371,379.4,14.938,-21,118369,2
689,0x51,0,1,409,383.9,15.112,-18,118541,3
690,0x51,0,1,410,387.6,15.261,-21,118713,3
691,0x51,0,1,408,390.8,15.387,-20,118885,3
692,0x51,0,1,446,393.7,15.5,-15,119057,3
693,0x51,0,1,445,401.4,15.803,-21,119229,3
694,0x51,0,1,422,407.9,16.061,-20,119401,3
695,0x51,0,1,350,410.1,16.144,-20,119573,3
696,0x51,0,1,358,402.2,15.836,-24,119745,3
697,0x51,0,1,403,395.6,15.575,-22,119917,3
698,0x51,0,2,369,391.6,15.418,-22,120089,3
699,0x51,0,1,366,388.2,15.284,-25,120261,3
700,0x51,0,1,410,385.3,15.171,-21,120433,3
701,0x51,0,2,356,382.4,15.057,-25,120605,3
702,0x51,0,2,372,380.9,14.995,-19,120777,2
703,0x51,0,2,352,377.1,14.848,-22,120949,2
704,0x51,0,0,-1,377.1,14.848,0,121119,2
705,0x51,0,1,373,376.4,14.818,-22,121293,2
706,0x51,0,1,505,375.9,14.798,-17,121465,2
707,0x51,0,1,503,394.9,15.549,-25,121637,3
708,0x51,0,2,445,411.1,16.187,-23,121809,3
709,0x51,0,1,568,424.9,16.729,-15,121981,3
710,0x51,0,1,481,433.3,17.06,-16,122153,4
711,0x51,0,1,412,440.5,17.342,-17,122324,4
712,0x51,0,0,-1,440.5,17.342,0,122494,4
713,0x51,0,1,396,436.2,17.174,-17,122668,4
714,0x51,0,1,430,432.6,17.031,-24,122840,4
715,0x51,0,1,411,429.3,16.903,-24,123012,3
