frame id,address,retcode,numDistances,raw_mm,medianEMA_mm,medianEMA_in,p0 str,time now,LED status
367,0x51,0,1,374,336.6,13.251,-23,63514,2
368,0x51,0,2,461,342.2,13.472,-19,63686,2
369,0x51,0,1,491,360.0,14.174,-15,63858,2
370,0x51,0,2,434,375.2,14.77,-21,64030,2
371,0x51,0,1,441,385.0,15.159,-20,64202,3
372,0x51,0,2,388,392.4,15.448,-21,64374,3
373,0x51,0,2,479,399.7,15.735,-21,64546,3
374,0x51,0,1,500,411.6,16.204,-16,64718,3
375,0x51,0,2,453,421.7,16.602,-22,64890,3
376,0x51,0,2,440,426.4,16.787,-21,65062,3
377,0x51,0,0,-1,426.4,16.787,0,65233,3
378,0x51,0,1,485,430.4,16.944,-20,65407,3
379,0x51,0,1,460,434.8,17.119,-20,65579,4
380,0x51,0,1,427,438.6,17.268,-24,65751,4
381,0x51,0,1,461,441.8,17.394,-18,65923,4
382,0x51,0,1,437,441.1,17.366,-20,66095,4
383,0x51,0,2,444,441.5,17.383,-21,66267,4
384,0x51,0,1,444,441.9,17.397,-20,66439,4
385,0x51,0,1,403,442.2,17.41,-19,66611,4
386,0x51,0,1,404,436.5,17.184,-22,66783,4
387,0x51,0,1,346,431.5,16.987,-20,66955,3
388,0x51,0,1,316,418.6,16.482,-18,67127,3
389,0x51,0,1,333,405.8,15.976,-18,67299,3
390,0x51,0,2,312,392.3,15.446,-26,67471,3
391,0x51,0,2,359,383.4,15.095,-22,67643,3
392,0x51,0,1,377,379.8,14.951,-24,67815,2
393,0x51,0,1,357,376.6,14.829,-21,67987,2
394,0x51,0,0,-1,376.6,14.829,0,68158,2
395,0x51,0,1,451,376.7,14.831,-13,68332,2
396,0x51,0,1,460,387.8,15.27,-21,68504,3
397,0x51,0,2,373,397.3,15.642,-21,68676,3
398,0x51,0,1,381,394.9,15.546,-22,68848,3
399,0x51,0,1,470,392.8,15.464,-21,69020,3
400,0x51,0,1,411,395.5,15.572,-26,69192,3
401,0x51,0,3,408,397.8,15.663,-26,69364,3
402,0x51,0,2,453,399.8,15.741,-21,69536,3
403,0x51,0,3,422,403.1,15.872,-17,69708,3
404,0x51,0,2,407,406.0,15.983,-26,69880,3
405,0x51,0,1,431,408.4,16.078,-20,70052,3
406,0x51,0,1,379,408.2,16.07,-16,70224,3
407,0x51,0,0,-1,408.2,16.07,0,70395,3
408,0x51,0,1,440,411.6,16.205,-19,70569,3
409,0x51,0,0,-1,411.6,16.205,0,70740,3
410,0x51,0,1,524,415.9,16.372,-19,70914,3
411,0x51,0,2,413,419.5,16.515,-20,71086,3
412,0x51,0,2,355,418.5,16.477,-23,71258,3
413,0x51,0,2,484,417.7,16.444,-19,71430,3
414,0x51,0,1,316,408.3,16.074,-27,71602,3
415,0x51,0,1,364,401.6,15.812,-22,71774,3
416,0x51,0,2,433,396.0,15.59,-22,71946,3
417,0x51,0,3,372,392.4,15.449,-19,72118,3
418,0x51,0,2,379,390.4,15.369,-22,72290,3
419,0x51,0,1,439,388.7,15.302,-14,72462,3
420,0x51,0,1,389,388.7,15.304,-19,72634,3
421,0x51,0,1,364,388.8,15.306,-20,72806,3
422,0x51,0,1,377,387.0,15.236,-23,72978,3
423,0x51,0,2,354,383.6,15.1,-21,73150,3
424,0x51,0,2,342,379.1,14.926,-24,73322,2
425,0x51,0,2,362,375.4,14.778,-27,73494,2
426,0x51,0,1,423,373.3,14.699,-23,73666,2
427,0x51,0,3,430,380.8,14.992,-22,73838,2
428,0x51,0,1,399,387.1,15.241,-19,74010,3
429,0x51,0,0,-1,387.1,15.241,0,74181,3
430,0x51,0,0,-1,387.1,15.241,0,74354,3
431,0x51,0,1,508,393.6,15.494,-19,74528,3
432,0x51,0,2,409,395.9,15.586,-22,74700,3
433,0x51,0,1,437,402.0,15.828,-16,74872,3
434,0x51,0,1,479,407.3,16.035,-19,75044,3
435,0x51,0,2,398,411.7,16.21,-17,75216,3
436,0x51,0,1,418,412.7,16.247,-13,75388,3
437,0x51,0,2,407,411.8,16.214,-19,75560,3
438,0x51,0,2,381,411.1,16.185,-25,75732,3
439,0x51,0,2,393,408.4,16.078,-24,75904,3
440,0x51,0,1,373,404.3,15.917,-19,76076,3
441,0x51,0,1,341,399.6,15.732,-20,76248,3
442,0x51,0,2,337,390.8,15.386,-23,76420,3
443,0x51,0,1,327,382.7,15.068,-28,76592,3
444,0x51,0,1,589,375.9,14.798,-17,76764,2
445,0x51,0,2,525,398.2,15.679,-20,76936,3
446,0x51,0,1,472,417.3,16.427,-17,77108,3
447,0x51,0,1,580,433.4,17.064,-17,77280,4
448,0x51,0,1,425,439.2,17.291,-19,77452,4
449,0x51,0,1,386,437.1,17.208,-19,77624,4
450,0x51,0,1,462,435.3,17.136,-21,77796,4
451,0x51,0,1,409,431.3,16.981,-16,77968,3
452,0x51,0,1,378,428.0,16.849,-23,78140,3
453,0x51,0,1,357,420.5,16.554,-20,78312,3
454,0x51,0,2,329,411.0,16.179,-25,78484,3
455,0x51,0,1,281,398.7,15.695,-30,78656,3
456,0x51,0,2,350,388.2,15.284,-26,78828,3
457,0x51,0,2,295,374.2,14.734,-25,79000,2
458,0x51,0,1,357,370.6,14.59,-17,79172,2
459,0x51,0,1,304,360.6,14.197,-25,79344,2
460,0x51,0,2,291,352.1,13.863,-24,79516,2
461,0x51,0,2,267,342.9,13.502,-28,79688,2
462,0x51,0,2,249,331.6,13.053,-26,79860,2
463,0x51,0,1,311,321.9,12.672,-26,80032,1
464,0x51,0,1,343,320.2,12.608,-24,80204,1
465,0x51,0,2,411,323.7,12.742,-20,80376,1
466,0x51,0,2,407,336.2,13.235,-24,80548,2
467,0x51,0,1,397,346.8,13.653,-17,80720,2
468,0x51,0,2,363,354.3,13.949,-25,80892,2
469,0x51,0,2,409,360.7,14.202,-19,81064,2
470,0x51,0,1,394,365.7,14.398,-18,81236,2
471,0x51,0,1,481,372.2,14.654,-19,81408,2
472,0x51,0,2,403,376.8,14.836,-22,81580,2
473,0x51,0,1,419,383.2,15.085,-26,81752,3
474,0x51,0,1,462,388.5,15.296,-13,81924,3
475,0x51,0,1,387,393.1,15.476,-19,82096,3
476,0x51,0,1,572,403.4,15.883,-18,82268,3
477,0x51,0,1,370,401.0,15.786,-29,82440,3
478,0x51,0,2,379,397.7,15.656,-24,82612,3
479,0x51,0,1,413,394.9,15.546,-19,82784,3
480,0x51,0,1,425,397.6,15.653,-22,82956,3
481,0x51,0,2,367,399.9,15.744,-24,83128,3
482,0x51,0,2,433,403.7,15.892,-20,83300,3
483,0x51,0,1,478,408.1,16.066,-20,83472,3
484,0x51,0,1,344,411.8,16.213,-21,83644,3
485,0x51,0,1,347,402.1,15.83,-22,83816,3
486,0x51,0,2,301,393.4,15.487,-29,83988,3
487,0x51,0,1,323,382.8,15.072,-19,84160,3
488,0x51,0,1,410,373.8,14.718,-20,84332,2
489,0x51,0,1,418,379.3,14.932,-18,84504,2
490,0x51,0,1,385,383.9,15.113,-17,84676,3
491,0x51,0,2,355,384.0,15.12,-28,84848,3
492,0x51,0,1,375,382.7,15.067,-21,85020,3
493,0x51,0,1,375,381.5,15.021,-19,85192,3
494,0x51,0,1,388,380.6,14.983,-18,85364,2
495,0x51,0,2,372,379.7,14.95,-19,85536,2
496,0x51,0,1,376,379.2,14.928,-20,85708,2
497,0x51,0,2,357,378.1,14.885,-28,85880,2
498,0x51,0,0,-1,378.1,14.885,0,86051,2
499,0x51,0,1,437,377.8,14.873,-16,86225,2
500,0x51,0,1,434,386.2,15.205,-18,86397,3
501,0x51,0,1,469,393.8,15.505,-21,86569,3
502,0x51,0,1,446,401.7,15.813,-18,86741,3
503,0x51,0,1,417,408.3,16.075,-20,86913,3
504,0x51,0,2,372,409.6,16.126,-21,87085,3
505,0x51,0,1,445,410.7,16.17,-20,87257,3
506,0x51,0,1,406,410.0,16.142,-22,87429,3
507,0x51,0,1,399,409.4,16.118,-20,87601,3
508,0x51,0,1,415,408.9,16.098,-20,87773,3
509,0x51,0,1,423,409.8,16.134,-17,87945,3
510,0x51,0,0,-1,409.8,16.134,0,88116,3
511,0x51,0,1,596,411.8,16.212,-14,88290,3
512,0x51,0,2,460,419.0,16.497,-21,88462,3
513,0x51,0,1,458,425.2,16.739,-21,88634,3
514,0x51,0,1,454,430.1,16.933,-20,88806,3
515,0x51,0,1,462,434.3,17.098,-23,88978,4
516,0x51,0,1,432,437.2,17.214,-17,89150,4
517,0x51,0,0,-1,437.2,17.214,0,89321,4
518,0x51,0,2,443,438.1,17.248,-18,89495,4
519,0x51,0,1,555,438.8,17.277,-20,89667,4
520,0x51,0,1,586,456.3,17.963,-16,89839,4
521,0x51,0,1,513,471.1,18.546,-17,90011,4
522,0x51,0,1,529,479.8,18.888,-21,90183,4
523,0x51,0,0,-1,479.8,18.888,0,90354,4
524,0x51,0,1,328,484.7,19.085,-26,90528,5
525,0x51,0,1,321,461.2,18.159,-26,90700,4
526,0x51,0,1,454,441.2,17.372,-17,90872,4
527,0x51,0,1,463,443.2,17.447,-19,91044,4
528,0x51,0,2,392,444.8,17.511,-19,91216,4
529,0x51,0,1,418,440.8,17.353,-18,91388,4
530,0x51,0,2,381,433.5,17.065,-22,91560,4
531,0x51,0,1,463,431.1,16.974,-18,91732,3
532,0x51,0,2,359,423.6,16.678,-26,91904,3
533,0x51,0,1,335,413.9,16.296,-29,92076,3
534,0x51,0,2,317,402.1,15.83,-22,92248,3
535,0x51,0,2,355,392.0,15.434,-24,92420,3
536,0x51,0,1,532,386.5,15.215,-16,92592,3
537,0x51,0,1,430,393.0,15.472,-18,92764,3
538,0x51,0,1,413,398.5,15.691,-16,92936,3
539,0x51,0,2,252,400.7,15.776,-33,93108,3
540,0x51,0,2,413,402.6,15.849,-18,93280,3
541,0x51,0,1,408,403.4,15.881,-24,93452,3
542,0x51,0,0,-1,403.4,15.881,0,93622,3
543,0x51,0,0,-1,403.4,15.881,0,93795,3
544,0x51,0,0,-1,403.4,15.881,0,93968,3
545,0x51,0,2,407,404.1,15.908,-25,94142,3
546,0x51,0,1,398,404.5,15.926,-18,94314,3
547,0x51,0,1,489,404.9,15.94,-19,94486,3
548,0x51,0,1,525,417.5,16.437,-17,94658,3
549,0x51,0,1,413,428.2,16.859,-23,94830,3
550,0x51,0,2,420,427.0,16.811,-18,95002,3
551,0x51,0,1,420,425.9,16.769,-20,95174,3
552,0x51,0,1,411,425.1,16.734,-20,95346,3
553,0x51,0,1,483,424.3,16.704,-13,95518,3
554,0x51,0,1,512,433.1,17.051,-19,95690,4
555,0x51,0,2,356,440.6,17.346,-25,95862,4
556,0x51,0,1,373,430.4,16.947,-16,96034,3
557,0x51,0,1,361,420.0,16.537,-22,96206,3
558,0x51,0,1,330,411.2,16.188,-19,96378,3
559,0x51,0,2,311,399.0,15.709,-24,96550,3
560,0x51,0,1,326,388.0,15.278,-20,96722,3
561,0x51,0,1,430,378.7,14.911,-18,96894,2
562,0x51,0,1,425,385.7,15.184,-13,97066,3
563,0x51,0,1,354,391.6,15.416,-23,97238,3
564,0x51,0,2,374,388.9,15.313,-20,97410,3
565,0x51,0,2,385,386.7,15.224,-21,97582,3
566,0x51,0,1,393,386.4,15.214,-17,97754,3
567,0x51,0,1,386,386.4,15.212,-18,97926,3
568,0x51,0,2,370,386.3,15.21,-23,98098,3
569,0x51,0,1,439,386.3,15.208,-15,98270,3
570,0x51,0,1,395,387.6,15.259,-19,98442,3
571,0x51,0,1,310,388.7,15.303,-23,98614,3
572,0x51,0,1,317,377.9,14.88,-24,98786,2
573,0x51,0,2,272,367.7,14.478,-27,98958,2
574,0x51,0,2,315,359.8,14.167,-21,99130,2
575,0x51,0,1,364,353.1,13.902,-21,99302,2
576,0x51,0,1,324,348.7,13.73,-26,99474,2
577,0x51,0,2,323,345.0,13.584,-21,99646,2
578,0x51,0,1,343,341.9,13.46,-22,99818,2
579,0x51,0,2,370,342.0,13.466,-22,99990,2
580,0x51,0,2,354,343.8,13.537,-20,100162,2
581,0x51,0,1,385,347.8,13.691,-19,100334,2
582,0x51,0,1,496,353.3,13.911,-18,100506,2
583,0x51,0,2,445,367.1,14.453,-20,100678,2
584,0x51,0,1,416,378.8,14.913,-24,100850,2
585,0x51,0,1,450,388.7,15.304,-16,101022,3
586,0x51,0,1,433,395.4,15.565,-24,101194,3
587,0x51,0,1,369,401.0,15.788,-23,101366,3
588,0x51,0,1,372,396.7,15.616,-16,101538,3
589,0x51,0,0,-1,396.7,15.616,0,101708,3
590,0x51,0,2,383,393.0,15.471,-23,101882,3
591,0x51,0,1,421,391.5,15.412,-19,102054,3
592,0x51,0,1,425,395.9,15.586,-18,102226,3
593,0x51,0,2,499,400.3,15.758,-20,102398,3
594,0x51,0,2,406,404.0,15.904,-22,102570,3
595,0x51,0,1,397,404.3,15.916,-25,102742,3
596,0x51,0,1,427,404.5,15.927,-23,102914,3
597,0x51,0,3,328,403.4,15.882,-28,103086,3
598,0x51,0,2,367,397.9,15.667,-22,103258,3
599,0x51,0,2,387,393.3,15.484,-24,103430,3
600,0x51,0,1,482,392.4,15.447,-18,103602,3
601,0x51,0,1,412,395.3,15.563,-25,103774,3
602,0x51,0,2,349,397.8,15.662,-24,103946,3
603,0x51,0,2,382,395.4,15.568,-22,104118,3
604,0x51,0,1,398,393.4,15.489,-17,104290,3
605,0x51,0,1,374,391.7,15.422,-21,104462,3
606,0x51,0,2,347,389.1,15.317,-25,104634,3
607,0x51,0,2,332,382.7,15.069,-21,104806,3
608,0x51,0,1,359,377.4,14.858,-21,104978,2
609,0x51,0,1,405,374.6,14.749,-21,105150,2
610,0x51,0,0,-1,374.6,14.749,0,105321,2
611,0x51,0,1,514,379.2,14.928,-22,105495,2
612,0x51,0,1,429,386.7,15.223,-18,105667,3
613,0x51,0,1,550,405.8,15.975,-17,105839,3
614,0x51,0,1,428,409.2,16.112,-24,106011,3
615,0x51,0,1,523,426.3,16.784,-19,106183,3
616,0x51,0,1,560,440.8,17.355,-21,106355,4
617,0x51,0,2,414,453.1,17.84,-20,106527,4
618,0x51,0,1,460,454.2,17.881,-21,106699,4
619,0x51,0,2,342,448.1,17.643,-24,106871,4
620,0x51,0,1,327,432.2,17.017,-18,107043,4
621,0x51,0,1,427,418.7,16.484,-21,107215,3
622,0x51,0,1,283,404.9,15.942,-26,107387,3
623,0x51,0,2,299,389.0,15.317,-22,107559,3
624,0x51,0,1,295,374.9,14.761,-27,107731,2
625,0x51,0,1,349,363.5,14.313,-23,107903,2
626,0x51,0,2,240,353.3,13.908,-31,108075,2
627,0x51,0,1,280,342.3,13.475,-24,108247,2
628,0x51,0,1,267,331.0,13.031,-24,108419,2
629,0x51,0,1,291,323.3,12.73,-25,108591,1
630,0x51,0,1,321,318.5,12.539,-24,108763,1
631,0x51,0,2,320,318.7,12.548,-22,108935,1
632,0x51,0,0,-1,318.7,12.548,0,109106,1
633,0x51,0,1,362,319.1,12.561,-21,109280,1
634,0x51,0,1,380,325.5,12.815,-17,109452,1
635,0x51,0,0,-1,325.5,12.815,0,109623,1
636,0x51,0,1,412,333.7,13.137,-23,109797,2
637,0x51,0,1,421,345.4,13.599,-18,109969,2
638,0x51,0,1,355,355.4,13.992,-24,110141,2
639,0x51,0,2,374,358.2,14.102,-20,110313,2
640,0x51,0,1,404,360.6,14.196,-18,110485,2
641,0x51,0,1,433,367.1,14.452,-16,110657,2
642,0x51,0,1,429,376.4,14.818,-20,110829,2
643,0x51,0,1,418,384.3,15.129,-19,111001,3
644,0x51,0,2,466,391.0,15.393,-19,111173,3
645,0x51,0,0,-1,391.0,15.393,0,111344,3
646,0x51,0,0,-1,391.0,15.393,0,111517,3
647,0x51,0,1,407,395.0,15.552,-23,111691,3
648,0x51,0,1,378,396.8,15.623,-20,111863,3
649,0x51,0,1,459,398.4,15.683,-19,112035,3
650,0x51,0,1,396,398.0,15.669,-21,112207,3
651,0x51,0,2,396,397.7,15.657,-22,112379,3
652,0x51,0,2,338,397.4,15.647,-19,112551,3
653,0x51,0,1,353,390.8,15.385,-25,112723,3
654,0x51,0,1,420,385.1,15.162,-21,112895,3
655,0x51,0,1,416,389.7,15.344,-21,113067,3
656,0x51,0,2,374,393.7,15.499,-21,113239,3
657,0x51,0,2,377,391.2,15.401,-24,113411,3
658,0x51,0,1,418,389.1,15.317,-20,113583,3
659,0x51,0,1,401,390.8,15.388,-16,113755,3
660,0x51,0,1,358,392.4,15.448,-21,113927,3
661,0x51,0,2,361,387.7,15.262,-20,114099,3
662,0x51,0,1,362,383.7,15.105,-22,114271,3
663,0x51,0,1,452,380.4,14.977,-19,114443,2
664,0x51,0,1,388,381.6,15.022,-22,114615,3
665,0x51,0,1,386,382.5,15.06,-19,114787,3
666,0x51,0,1,362,383.0,15.08,-21,114959,3
667,0x51,0,1,386,383.5,15.098,-18,115131,3
668,0x51,0,2,280,380.3,14.971,-24,115303,2
669,0x51,0,2,227,365.2,14.379,-30,115475,2
670,0x51,0,1,252,348.2,13.71,-25,115647,2
671,0x51,0,2,277,333.8,13.142,-24,115819,2
672,0x51,0,2,239,321.5,12.659,-30,115991,1
673,0x51,0,1,333,314.9,12.396,-21,116163,1
674,0x51,0,1,389,317.6,12.503,-15,116335,1
675,0x51,0,1,378,326.6,12.86,-25,116507,1
676,0x51,0,1,682,336.0,13.228,-21,116679,2
677,0x51,0,1,489,358.9,14.132,-18,116851,2
678,0x51,0,1,384,378.5,14.9,-21,117023,2
679,0x51,0,1,390,380.2,14.968,-20,117195,2
680,0x51,0,2,394,381.7,15.026,-22,117367,3
681,0x51,0,1,492,383.5,15.099,-19,117539,3
682,0x51,0,1,453,393.9,15.509,-15,117711,3
683,0x51,0,1,354,402.8,15.858,-21,117883,3
684,0x51,0,1,386,400.3,15.759,-22,118055,3
685,0x51,0,1,418,398.1,15.675,-14,118227,3
686,0x51,0,1,418,401.1,15.792,-18,118399,3
687,0x51,0,1,361,403.6,15.892,-24,118571,3
688,0x51,0,1,379,399.9,15.746,-19,118743,3
689,0x51,0,1,446,396.8,15.622,-15,118915,3
690,0x51,0,1,396,396.7,15.618,-22,119087,3
691,0x51,0,1,478,404.1,15.909,-19,119259,3
692,0x51,0,1,389,402.9,15.861,-20,119431,3
693,0x51,0,1,493,414.1,16.305,-21,119603,3
694,0x51,0,0,-1,414.1,16.305,0,119774,3
695,0x51,0,2,402,412.3,16.233,-22,119948,3
696,0x51,0,2,449,417.8,16.45,-21,120120,3
697,0x51,0,1,421,418.3,16.468,-16,120292,3
698,0x51,0,1,381,418.7,16.484,-22,120464,3
699,0x51,0,1,339,413.0,16.262,-25,120636,3
700,0x51,0,1,402,408.2,16.072,-20,120808,3
701,0x51,0,1,379,403.9,15.9,-18,120980,3
702,0x51,0,1,375,400.1,15.753,-20,121152,3
703,0x51,0,2,387,397.0,15.628,-15,121324,3
704,0x51,0,1,391,395.5,15.569,-19,121496,3
705,0x51,0,1,393,394.8,15.543,-21,121668,3
706,0x51,0,1,438,394.5,15.532,-19,121840,3
707,0x51,0,0,-1,394.5,15.532,0,122011,3
708,0x51,0,1,365,394.3,15.523,-20,122185,3
709,0x51,0,2,441,400.9,15.782,-22,122357,3
710,0x51,0,2,347,395.5,15.57,-22,122529,3
711,0x51,0,2,400,396.2,15.597,-23,122701,3
712,0x51,0,1,433,396.7,15.619,-15,122873,3
713,0x51,0,1,477,402.2,15.833,-20,123045,3
714,0x51,0,0,-1,402.2,15.833,0,123216,3
715,0x51,0,2,445,408.6,16.086,-19,123390,3
716,0x51,0,0,-1,408.6,16.086,0,123561,3
717,0x51,0,3,336,414.1,16.301,-19,123735,3
718,0x51,0,1,441,418.1,16.461,-20,123907,3
719,0x51,0,1,377,411.9,16.218,-22,124079,3
720,0x51,0,1,378,406.8,16.017,-18,124251,3
721,0x51,0,1,393,402.5,15.847,-19,124423,3
722,0x51,0,1,451,401.1,15.791,-18,124595,3
723,0x51,0,2,433,405.9,15.979,-23,124767,3
724,0x51,0,0,-1,405.9,15.979,0,124938,3
725,0x51,0,2,405,409.9,16.14,-22,125112,3
726,0x51,0,1,394,409.2,16.11,-22,125284,3
727,0x51,0,1,462,408.6,16.086,-18,125456,3
728,0x51,0,2,436,412.7,16.247,-21,125628,3
729,0x51,0,1,434,416.2,16.385,-22,125800,3
730,0x51,0,2,402,418.9,16.49,-19,125972,3
731,0x51,0,0,-1,418.9,16.49,0,126143,3
732,0x51,0,2,400,416.3,16.391,-24,126317,3
733,0x51,0,1,419,414.2,16.306,-20,126489,3
734,0x51,0,1,425,414.9,16.335,-22,126661,3
735,0x51,0,0,-1,414.9,16.335,0,126832,3
736,0x51,0,1,446,416.4,16.394,-20,127006,3
737,0x51,0,2,417,417.7,16.445,-21,127178,3
738,0x51,0,1,421,418.2,16.465,-23,127350,3
739,0x51,0,1,434,418.6,16.481,-22,127522,3
740,0x51,0,1,480,420.9,16.572,-22,127694,3
741,0x51,0,1,514,429.8,16.921,-18,127866,3
742,0x51,0,1,451,437.3,17.217,-22,128038,4
743,0x51,0,1,409,439.4,17.298,-20,128210,4
744,0x51,0,0,-1,439.4,17.298,0,128381,4
745,0x51,0,3,415,435.7,17.154,-20,128555,4
746,0x51,0,1,463,432.6,17.032,-14,128727,4
747,0x51,0,2,427,431.8,16.999,-19,128899,3
748,0x51,0,1,442,433.3,17.059,-17,129071,4
749,0x51,0,1,420,432.4,17.022,-20,129243,4
750,0x51,0,2,353,430.5,16.949,-27,129415,3
751,0x51,0,2,405,426.7,16.798,-28,129587,3
752,0x51,0,1,416,423.4,16.67,-18,129759,3
753,0x51,0,1,421,422.3,16.626,-17,129931,3
754,0x51,0,1,390,421.4,16.589,-18,130103,3
755,0x51,0,2,312,416.7,16.404,-28,130275,3
756,0x51,0,1,428,412.7,16.247,-18,130447,3
757,0x51,0,1,359,404.6,15.93,-19,130619,3
758,0x51,0,2,374,400.0,15.749,-19,130791,3
759,0x51,0,2,406,396.1,15.595,-20,130963,3
760,0x51,0,1,471,397.6,15.654,-16,131135,3
761,0x51,0,1,391,398.9,15.703,-24,131307,3
762,0x51,0,1,402,399.3,15.722,-25,131479,3
763,0x51,0,0,-1,399.3,15.722,0,131650,3
764,0x51,0,1,445,399.7,15.737,-15,131824,3
765,0x51,0,2,439,405.6,15.969,-23,131996,3
766,0x51,0,0,-1,405.6,15.969,0,132167,3
767,0x51,0,1,418,410.6,16.166,-24,132341,3
768,0x51,0,1,488,414.9,16.334,-16,132513,3
769,0x51,0,0,-1,414.9,16.334,0,132684,3
770,0x51,0,2,383,415.4,16.352,-24,132858,3
771,0x51,0,0,-1,415.4,16.352,0,133029,3
772,0x51,0,1,384,410.6,16.167,-24,133203,3
773,0x51,0,1,419,406.7,16.01,-22,133375,3
774,0x51,0,2,421,408.5,16.083,-19,133547,3
775,0x51,0,2,390,410.1,16.145,-20,133719,3
776,0x51,0,1,443,411.7,16.209,-13,133891,3
777,0x51,0,2,430,414.5,16.317,-19,134063,3
778,0x51,0,1,461,418.7,16.486,-16,134235,3
779,0x51,0,2,428,420.4,16.552,-20,134407,3
780,0x51,0,1,415,421.6,16.597,-19,134579,3
781,0x51,0,3,410,420.6,16.558,-23,134751,3
782,0x51,0,1,559,419.7,16.525,-18,134923,3
783,0x51,0,1,560,440.6,17.348,-14,135095,4
784,0x51,0,1,487,458.4,18.047,-21,135267,4
785,0x51,0,1,563,473.6,18.647,-20,135439,4
786,0x51,0,1,399,475.6,18.726,-17,135611,4
787,0x51,0,1,434,469.4,18.48,-18,135783,4
788,0x51,0,1,491,464.1,18.271,-20,135955,4
789,0x51,0,0,-1,464.1,18.271,0,136126,4
790,0x51,0,0,-1,464.1,18.271,0,136299,4
791,0x51,0,1,327,459.6,18.093,-22,136473,4
792,0x51,0,1,335,440.9,17.358,-21,136645,4
793,0x51,0,1,337,425.0,16.732,-23,136817,3
794,0x51,0,1,355,411.8,16.213,-19,136989,3
795,0x51,0,2,358,403.3,15.877,-19,137161,3
796,0x51,0,1,455,396.5,15.61,-19,137333,3
797,0x51,0,1,298,390.7,15.382,-26,137505,3
798,0x51,0,1,317,379.7,14.947,-23,137677,2
799,0x51,0,2,320,370.3,14.577,-24,137849,2
800,0x51,0,1,335,362.7,14.28,-23,138021,2
801,0x51,0,1,315,356.3,14.028,-22,138193,2
802,0x51,0,2,339,353.1,13.902,-23,138365,2
803,0x51,0,3,334,350.2,13.789,-30,138537,2
804,0x51,0,1,389,348.6,13.723,-22,138709,2
805,0x51,0,1,429,354.6,13.962,-20,138881,2
806,0x51,0,1,449,365.8,14.401,-16,139053,2
807,0x51,0,1,454,378.3,14.892,-16,139225,2
808,0x51,0,2,389,388.9,15.31,-26,139397,3
809,0x51,0,2,387,388.9,15.311,-19,139569,3
810,0x51,0,1,391,388.9,15.311,-19,139741,3
811,0x51,0,2,356,388.6,15.3,-26,139913,3
812,0x51,0,1,376,386.7,15.226,-21,140085,3
813,0x51,0,2,421,385.1,15.162,-19,140257,3
814,0x51,0,2,415,389.6,15.339,-16,140429,3
815,0x51,0,1,422,394.3,15.524,-20,140601,3
816,0x51,0,2,403,397.4,15.646,-21,140773,3
817,0x51,0,2,423,401.1,15.791,-18,140945,3
818,0x51,0,1,444,404.4,15.921,-14,141117,3
819,0x51,0,1,449,410.3,16.155,-17,141289,3
820,0x51,0,1,450,416.1,16.383,-16,141461,3
821,0x51,0,1,493,421.2,16.583,-17,141633,3
822,0x51,0,1,447,425.5,16.753,-17,141805,3
823,0x51,0,1,453,429.6,16.915,-18,141977,3
824,0x51,0,1,481,433.2,17.053,-16,142149,4
825,0x51,0,1,483,440.3,17.336,-24,142321,4
826,0x51,0,1,420,446.4,17.576,-18,142493,4
827,0x51,0,2,420,442.5,17.42,-19,142665,4
828,0x51,0,1,396,439.1,17.287,-21,142837,4
829,0x51,0,1,403,433.7,17.074,-16,143009,4
830,0x51,0,2,454,429.1,16.893,-19,143181,3
831,0x51,0,1,469,432.8,17.04,-18,143353,4
832,0x51,0,2,351,436.0,17.165,-28,143525,4
833,0x51,0,1,429,434.9,17.124,-18,143697,4
834,0x51,0,2,372,425.5,16.752,-24,143869,3
835,0x51,0,0,-1,425.5,16.752,0,144040,3
836,0x51,0,1,490,426.0,16.773,-18,144214,3
837,0x51,0,2,351,417.9,16.454,-18,144386,3
838,0x51,0,2,427,419.3,16.507,-20,144558,3
839,0x51,0,1,519,420.4,16.553,-19,144730,3
840,0x51,0,1,596,435.2,17.135,-20,144902,4
841,0x51,0,1,488,447.8,17.63,-23,145074,4
842,0x51,0,1,415,453.8,17.867,-22,145246,4
843,0x51,0,1,451,453.4,17.85,-21,145418,4
844,0x51,0,2,363,447.6,17.624,-26,145590,4
845,0x51,0,2,352,434.9,17.124,-28,145762,4
846,0x51,0,1,478,424.2,16.699,-15,145934,3
847,0x51,0,1,450,428.0,16.852,-20,146106,3
848,0x51,0,1,410,431.3,16.981,-18,146278,3
849,0x51,0,1,389,428.1,16.855,-20,146450,3
850,0x51,0,1,392,422.7,16.642,-23,146622,3
851,0x51,0,1,431,418.1,16.461,-22,146794,3
852,0x51,0,1,425,419.1,16.501,-16,146966,3
853,0x51,0,1,361,420.0,16.536,-22,147137,3
854,0x51,0,1,329,411.2,16.188,-26,147308,3
855,0x51,0,2,337,400.0,15.75,-24,147480,3
856,0x51,0,2,294,389.4,15.33,-24,147652,3
857,0x51,0,1,311,377.6,14.867,-21,147823,2
858,0x51,0,3,310,367.5,14.468,-28,147995,2
859,0x51,0,2,508,359.0,14.134,-14,148166,2
860,0x51,0,1,535,381.4,15.014,-13,148337,3
861,0x51,0,1,563,404.4,15.921,-14,148508,3
862,0x51,0,1,703,428.2,16.858,-18,148679,3
863,0x51,0,0,-1,428.2,16.858,0,148849,3
864,0x51,0,0,-1,428.2,16.858,0,149021,3
865,0x51,0,0,-1,428.2,16.858,0,149193,3
866,0x51,0,0,-1,428.2,16.858,0,149365,3
867,0x51,0,0,-1,428.2,16.858,0,149538,3
868,0x51,0,0,-1,428.2,16.858,0,149711,3
869,0x51,0,0,-1,428.2,16.858,0,149884,3
