frame id,address,retcode,numDistances,raw_mm,medianEMA_mm,medianEMA_in,p0 str,time now,LED status
0,0x51,0,0,-1,-1.0,-1.0,0,105,1
1,0x51,0,0,-1,-1.0,-1.0,0,285,1
2,0x51,0,0,-1,-1.0,-1.0,0,465,1
3,0x51,0,0,-1,-1.0,-1.0,0,645,1
4,0x51,0,0,-1,-1.0,-1.0,0,825,1
5,0x51,0,0,-1,-1.0,-1.0,0,1005,1
6,0x51,0,0,-1,-1.0,-1.0,0,1185,1
7,0x51,0,0,-1,-1.0,-1.0,0,1365,1
8,0x51,0,0,-1,-1.0,-1.0,0,1545,1
9,0x51,0,0,-1,-1.0,-1.0,0,1725,1
10,0x51,0,0,-1,-1.0,-1.0,0,1905,1
11,0x51,0,0,-1,-1.0,-1.0,0,2085,1
12,0x51,0,0,-1,-1.0,-1.0,0,2265,1
13,0x51,0,0,-1,-1.0,-1.0,0,2445,1
14,0x51,0,0,-1,-1.0,-1.0,0,2625,1
15,0x51,0,0,-1,-1.0,-1.0,0,2805,1
16,0x51,0,0,-1,-1.0,-1.0,0,2985,1
17,0x51,0,0,-1,-1.0,-1.0,0,3165,1
18,0x51,0,0,-1,-1.0,-1.0,0,3345,1
19,0x51,0,0,-1,-1.0,-1.0,0,3525,1
20,0x51,0,0,-1,-1.0,-1.0,0,3705,1
21,0x51,0,0,-1,-1.0,-1.0,0,3885,1
22,0x51,0,0,-1,-1.0,-1.0,0,4065,1
23,0x51,0,0,-1,-1.0,-1.0,0,4245,1
24,0x51,0,0,-1,-1.0,-1.0,0,4425,1
25,0x51,0,0,-1,-1.0,-1.0,0,4605,1
26,0x51,0,0,-1,-1.0,-1.0,0,4785,1
27,0x51,0,0,-1,-1.0,-1.0,0,4965,1
28,0x51,0,0,-1,-1.0,-1.0,0,5145,1
29,0x51,0,0,-1,-1.0,-1.0,0,5325,1
30,0x51,0,0,-1,-1.0,-1.0,0,5505,1
31,0x51,0,0,-1,-1.0,-1.0,0,5685,1
32,0x51,0,0,-1,-1.0,-1.0,0,5865,1
33,0x51,0,0,-1,-1.0,-1.0,0,6045,1
34,0x51,0,0,-1,-1.0,-1.0,0,6225,1
35,0x51,0,0,-1,-1.0,-1.0,0,6405,1
36,0x51,0,1,1230,1230.0,48.425,-23,6586,5
37,0x51,0,0,-1,1230.0,48.425,0,6764,5
38,0x51,0,0,-1,1230.0,48.425,0,6944,5
39,0x51,0,0,-1,1230.0,48.425,0,7124,5
40,0x51,0,0,-1,1230.0,48.425,0,7304,5
41,0x51,0,0,-1,1230.0,48.425,0,7484,5
42,0x51,0,0,-1,1230.0,48.425,0,7664,5
43,0x51,0,1,1239,1239.0,48.78,-15,7845,5
44,0x51,0,1,1086,1086.0,42.756,-12,8024,5
45,0x51,0,3,280,1086.0,42.756,-35,8203,5
46,0x51,0,1,1082,1085.4,42.732,-12,8382,5
47,0x51,0,2,952,1065.4,41.944,-15,8561,5
48,0x51,0,1,1050,1063.1,41.854,-5,8740,5
49,0x51,0,1,1034,1058.7,41.682,-6,8919,5
50,0x51,0,1,1010,1055.0,41.536,-5,9098,5
51,0x51,0,1,949,1048.3,41.27,-4,9277,5
52,0x51,0,1,951,1033.7,40.696,-21,9456,5
53,0x51,0,3,779,1021.0,40.196,-11,9635,5
54,0x51,0,2,773,984.7,38.767,-16,9814,5
55,0x51,0,2,657,952.9,37.517,-16,9993,5
56,0x51,0,1,759,923.8,36.371,-21,10172,5
57,0x51,0,2,638,883.8,34.796,-18,10351,5
58,0x51,0,1,1088,865.1,34.059,-16,10530,5
59,0x51,0,2,604,831.0,32.718,-18,10709,5
60,0x51,0,0,-1,831.0,32.718,0,10887,5
61,0x51,0,2,550,797.0,31.377,-23,11068,5
62,0x51,0,1,586,765.3,30.131,-15,11247,5
63,0x51,0,2,607,738.4,29.072,-15,11426,5
64,0x51,0,2,605,718.4,28.284,-15,11605,5
65,0x51,0,3,586,701.4,27.614,-16,11784,5
66,0x51,0,0,-1,701.4,27.614,0,11962,5
67,0x51,0,2,578,684.1,26.933,-14,12143,5
68,0x51,0,1,782,669.4,26.353,-18,12322,5
69,0x51,0,2,530,655.7,25.814,-19,12501,5
70,0x51,0,2,571,643.0,25.314,-17,12680,5
71,0x51,0,2,603,632.2,24.889,-16,12859,5
72,0x51,0,1,541,623.0,24.528,-19,13038,5
73,0x51,0,0,-1,623.0,24.528,0,13216,5
74,0x51,0,0,-1,623.0,24.528,0,13396,5
75,0x51,0,1,537,610.7,24.043,-14,13577,5
76,0x51,0,1,550,600.2,23.632,-19,13756,5
77,0x51,0,1,517,590.8,23.258,-18,13935,5
78,0x51,0,1,545,583.9,22.988,-19,14114,5
79,0x51,0,1,502,573.9,22.593,-19,14293,5
80,0x51,0,1,478,563.1,22.169,-20,14472,5
81,0x51,0,1,457,550.3,21.666,-18,14651,5
82,0x51,0,0,-1,550.3,21.666,0,14829,5
83,0x51,0,2,484,539.5,21.239,-18,15010,5
84,0x51,0,1,471,529.2,20.835,-17,15189,5
85,0x51,0,1,461,520.5,20.491,-22,15368,5
86,0x51,0,3,438,511.5,20.14,-20,15547,5
87,0x51,0,1,460,503.8,19.835,-19,15726,5
88,0x51,0,0,-1,503.8,19.835,0,15904,5
89,0x51,0,1,427,493.9,19.447,-20,16085,5
90,0x51,0,1,428,484.1,19.057,-19,16264,5
91,0x51,0,3,424,475.5,18.72,-23,16443,4
92,0x51,0,3,418,467.8,18.416,-23,16622,4
93,0x51,0,2,462,461.2,18.158,-13,16801,4
94,0x51,0,2,464,461.3,18.162,-16,16980,4
95,0x51,0,2,441,461.4,18.166,-20,17159,4
96,0x51,0,3,447,459.3,18.081,-15,17338,4
97,0x51,0,3,477,457.4,18.009,-19,17517,4
98,0x51,0,1,459,457.7,18.018,-17,17696,4
99,0x51,0,2,449,457.9,18.026,-21,17875,4
100,0x51,0,1,461,458.0,18.033,-17,18054,4
101,0x51,0,1,506,458.5,18.05,-17,18233,4
102,0x51,0,1,440,458.9,18.065,-21,18412,4
103,0x51,0,2,450,457.5,18.013,-16,18591,4
104,0x51,0,1,437,454.9,17.909,-18,18770,4
105,0x51,0,2,441,452.8,17.827,-17,18949,4
106,0x51,0,2,465,451.0,17.758,-12,19128,4
107,0x51,0,1,465,453.1,17.84,-15,19307,4
108,0x51,0,2,466,454.9,17.91,-15,19486,4
109,0x51,0,1,474,456.6,17.975,-15,19665,4
110,0x51,0,2,469,458.4,18.049,-19,19844,4
111,0x51,0,1,457,460.0,18.111,-17,20023,4
112,0x51,0,1,466,460.9,18.146,-18,20202,4
113,0x51,0,1,448,460.3,18.123,-19,20381,4
114,0x51,0,1,447,458.5,18.051,-16,20560,4
115,0x51,0,1,442,456.8,17.983,-16,20739,4
116,0x51,0,2,446,455.1,17.919,-16,20918,4
117,0x51,0,1,454,453.8,17.865,-16,21097,4
118,0x51,0,1,460,453.8,17.866,-17,21276,4
119,0x51,0,3,459,454.6,17.897,-22,21455,4
120,0x51,0,2,462,455.4,17.929,-21,21634,4
121,0x51,0,2,440,455.9,17.95,-20,21813,4
122,0x51,0,2,443,454.0,17.874,-19,21992,4
123,0x51,0,2,461,452.3,17.809,-17,22171,4
124,0x51,0,2,460,453.5,17.854,-17,22350,4
125,0x51,0,2,445,454.5,17.893,-21,22529,4
126,0x51,0,3,466,455.3,17.925,-19,22708,4
127,0x51,0,2,460,456.0,17.953,-20,22887,4
128,0x51,0,1,460,456.6,17.977,-21,23066,4
129,0x51,0,1,468,457.1,17.997,-21,23245,4
130,0x51,0,1,475,458.7,18.061,-19,23424,4
131,0x51,0,2,481,461.2,18.157,-16,23603,4
132,0x51,0,2,471,463.3,18.238,-18,23782,4
133,0x51,0,2,454,464.4,18.284,-22,23961,4
134,0x51,0,1,451,462.9,18.223,-22,24140,4
135,0x51,0,0,-1,462.9,18.223,0,24318,4
136,0x51,0,1,488,461.5,18.17,-19,24499,4
137,0x51,0,3,439,459.9,18.108,-23,24678,4
138,0x51,0,2,478,462.7,18.215,-20,24857,4
139,0x51,0,2,447,460.3,18.122,-19,25036,4
140,0x51,0,3,444,458.3,18.044,-22,25215,4
141,0x51,0,2,467,456.6,17.977,-19,25394,4
142,0x51,0,1,475,458.2,18.038,-19,25573,4
143,0x51,0,2,526,460.7,18.138,-17,25752,4
144,0x51,0,0,-1,460.7,18.138,0,25930,4
145,0x51,0,0,-1,460.7,18.138,0,26110,4
146,0x51,0,0,-1,460.7,18.138,0,26290,4
147,0x51,0,1,442,462.8,18.222,-22,26471,4
148,0x51,0,0,-1,462.8,18.222,0,26649,4
149,0x51,0,1,437,459.7,18.099,-24,26830,4
150,0x51,0,2,441,456.9,17.989,-23,27009,4
151,0x51,0,1,437,453.9,17.871,-24,27188,4
152,0x51,0,0,-1,453.9,17.871,0,27366,4
153,0x51,0,0,-1,453.9,17.871,0,27546,4
154,0x51,0,1,532,452.0,17.795,-18,27727,4
155,0x51,0,1,531,463.8,18.261,-14,27906,4
156,0x51,0,1,536,474.1,18.664,-16,28085,4
157,0x51,0,2,402,482.6,19.0,-28,28264,5
158,0x51,0,3,447,477.3,18.79,-20,28443,4
159,0x51,0,1,450,472.7,18.611,-21,28622,4
160,0x51,0,2,422,468.9,18.459,-27,28801,4
161,0x51,0,0,-1,468.9,18.459,0,28979,4
162,0x51,0,1,478,466.0,18.348,-20,29160,4
163,0x51,0,2,461,465.3,18.318,-20,29339,4
164,0x51,0,1,524,467.2,18.393,-19,29518,4
165,0x51,0,1,463,466.6,18.368,-21,29697,4
166,0x51,0,1,450,466.0,18.347,-22,29876,4
167,0x51,0,2,463,465.6,18.33,-22,30055,4
168,0x51,0,1,529,465.2,18.314,-18,30234,4
169,0x51,0,1,464,465.0,18.307,-21,30413,4
170,0x51,0,2,450,464.9,18.301,-20,30592,4
171,0x51,0,2,449,462.6,18.214,-20,30771,4
172,0x51,0,2,451,460.7,18.139,-21,30950,4
173,0x51,0,1,450,459.1,18.076,-20,31129,4
174,0x51,0,2,452,457.9,18.028,-20,31308,4
175,0x51,0,0,-1,457.9,18.028,0,31486,4
176,0x51,0,2,462,457.0,17.993,-21,31667,4
177,0x51,0,1,483,457.8,18.022,-20,31846,4
178,0x51,0,1,463,458.6,18.053,-21,32025,4
179,0x51,0,2,460,459.2,18.079,-22,32204,4
180,0x51,0,2,449,459.3,18.084,-24,32383,4
181,0x51,0,2,490,459.4,18.088,-20,32562,4
182,0x51,0,2,489,463.9,18.263,-19,32741,4
183,0x51,0,2,450,467.6,18.411,-21,32920,4
184,0x51,0,1,468,467.7,18.413,-23,33099,4
185,0x51,0,1,494,467.7,18.415,-19,33278,4
186,0x51,0,2,485,470.3,18.517,-20,33457,4
187,0x51,0,2,469,472.5,18.604,-21,33636,4
188,0x51,0,2,479,473.5,18.642,-19,33815,4
189,0x51,0,2,496,474.3,18.674,-19,33994,4
190,0x51,0,0,-1,474.3,18.674,0,34172,4
191,0x51,0,0,-1,474.3,18.674,0,34352,4
192,0x51,0,0,-1,474.3,18.674,0,34532,4
193,0x51,0,0,-1,474.3,18.674,0,34712,4
194,0x51,0,2,447,475.0,18.702,-22,34893,4
195,0x51,0,0,-1,475.0,18.702,0,35071,4
196,0x51,0,1,427,470.8,18.536,-26,35252,4
197,0x51,0,1,429,464.5,18.289,-25,35431,4
198,0x51,0,3,436,459.2,18.079,-25,35610,4
199,0x51,0,1,519,455.7,17.942,-20,35789,4
200,0x51,0,0,-1,455.7,17.942,0,35967,4
201,0x51,0,2,449,454.7,17.903,-22,36148,4
202,0x51,0,1,491,460.2,18.117,-19,36327,4
203,0x51,0,1,492,464.8,18.299,-18,36506,4
204,0x51,0,2,495,468.9,18.46,-18,36685,4
205,0x51,0,1,493,472.5,18.602,-18,36864,4
206,0x51,0,3,491,475.6,18.723,-20,37043,4
207,0x51,0,1,473,477.9,18.814,-18,37222,4
208,0x51,0,1,454,477.2,18.785,-21,37401,4
209,0x51,0,1,449,473.7,18.649,-25,37580,4
210,0x51,0,1,490,470.7,18.533,-17,37759,4
211,0x51,0,1,492,473.6,18.646,-19,37938,4
212,0x51,0,1,464,476.1,18.743,-22,38117,4
213,0x51,0,2,450,474.3,18.672,-22,38296,4
214,0x51,0,1,659,472.7,18.611,-14,38475,4
215,0x51,0,1,470,472.3,18.595,-20,38654,4
216,0x51,0,1,473,472.4,18.599,-23,38833,4
217,0x51,0,1,653,472.5,18.603,-16,39012,4
218,0x51,0,1,459,472.6,18.605,-26,39191,4
219,0x51,0,0,-1,472.6,18.605,0,39369,4
220,0x51,0,1,999,499.6,19.671,-20,39550,5
221,0x51,0,1,458,493.5,19.431,-20,39729,5
222,0x51,0,1,453,488.2,19.221,-18,39908,5
223,0x51,0,1,657,483.7,19.043,-15,40087,5
224,0x51,0,2,491,484.8,19.086,-21,40266,5
225,0x51,0,2,498,486.8,19.164,-20,40445,5
226,0x51,0,1,972,488.4,19.23,-16,40624,5
227,0x51,0,1,1087,561.0,22.086,-16,40803,5
228,0x51,0,1,444,622.6,24.513,-23,40982,5
229,0x51,0,0,-1,622.6,24.513,0,41160,5
230,0x51,0,2,453,597.2,23.511,-25,41341,5
231,0x51,0,1,483,575.6,22.66,-19,41520,5
232,0x51,0,2,460,558.2,21.977,-23,41699,5
233,0x51,0,1,491,546.9,21.533,-20,41878,5
234,0x51,0,1,463,534.4,21.037,-18,42057,5
235,0x51,0,1,676,527.8,20.781,-17,42236,5
236,0x51,0,2,450,518.1,20.398,-26,42415,5
237,0x51,0,1,1016,541.8,21.331,-17,42594,5
238,0x51,0,0,-1,541.8,21.331,0,42772,5
239,0x51,0,2,465,530.3,20.877,-16,42953,5
240,0x51,0,0,-1,530.3,20.877,0,43131,5
241,0x51,0,2,497,525.3,20.681,-19,43312,5
242,0x51,0,2,503,521.0,20.514,-18,43491,5
243,0x51,0,1,493,517.4,20.372,-21,43670,5
244,0x51,0,2,477,513.8,20.227,-18,43849,5
245,0x51,0,1,487,509.8,20.069,-17,44028,5
246,0x51,0,1,1091,506.3,19.935,-19,44207,5
247,0x51,0,1,458,503.4,19.821,-25,44386,5
248,0x51,0,2,458,496.6,19.552,-23,44565,5
249,0x51,0,2,416,490.8,19.324,-27,44744,5
250,0x51,0,1,483,485.9,19.13,-16,44923,5
251,0x51,0,1,1061,485.5,19.113,-17,45102,5
252,0x51,0,2,454,485.1,19.098,-21,45281,5
253,0x51,0,0,-1,485.1,19.098,0,45459,5
254,0x51,0,2,496,486.7,19.163,-18,45640,5
255,0x51,0,2,480,485.7,19.123,-16,45819,5
256,0x51,0,2,490,486.4,19.148,-18,45998,5
257,0x51,0,2,484,486.0,19.134,-18,46177,5
258,0x51,0,2,490,486.6,19.158,-18,46356,5
259,0x51,0,2,452,486.2,19.142,-21,46535,5
260,0x51,0,1,449,481.1,18.94,-22,46714,4
261,0x51,0,3,451,476.6,18.763,-19,46893,4
262,0x51,0,2,456,472.7,18.612,-21,47072,4
263,0x51,0,1,659,470.2,18.513,-18,47251,4
264,0x51,0,3,485,472.4,18.6,-21,47430,4
265,0x51,0,2,503,477.0,18.781,-18,47609,4
266,0x51,0,1,487,478.5,18.839,-21,47788,4
267,0x51,0,1,495,481.0,18.937,-18,47967,4
268,0x51,0,2,483,481.9,18.972,-22,48146,4
269,0x51,0,1,643,483.9,19.05,-18,48325,5
270,0x51,0,1,668,507.7,19.989,-17,48504,5
271,0x51,0,2,468,528.0,20.788,-23,48683,5
272,0x51,0,2,484,521.4,20.528,-21,48862,5
273,0x51,0,2,485,515.8,20.307,-19,49041,5
274,0x51,0,2,473,511.0,20.119,-17,49220,5
275,0x51,0,1,510,507.1,19.966,-20,49399,5
276,0x51,0,0,-1,507.1,19.966,0,49577,5
277,0x51,0,1,658,507.6,19.983,-15,49758,5
278,0x51,0,2,463,507.9,19.997,-21,49937,5
279,0x51,0,2,481,503.9,19.838,-17,50116,5
280,0x51,0,1,489,500.5,19.703,-19,50295,5
281,0x51,0,1,523,498.7,19.635,-18,50474,5
282,0x51,0,2,443,497.3,19.578,-23,50653,5
283,0x51,0,2,479,494.5,19.47,-18,50832,5
284,0x51,0,1,467,490.4,19.307,-18,51011,5
285,0x51,0,0,-1,490.4,19.307,0,51189,5
286,0x51,0,1,476,488.2,19.222,-17,51370,5
287,0x51,0,2,477,486.4,19.15,-23,51549,5
288,0x51,0,1,657,485.0,19.094,-15,51728,5
289,0x51,0,2,497,486.8,19.165,-18,51907,5
290,0x51,0,1,450,488.3,19.225,-23,52086,5
291,0x51,0,3,460,484.1,19.058,-25,52265,5
292,0x51,0,1,654,480.5,18.916,-15,52444,4
293,0x51,0,3,469,478.7,18.848,-23,52623,4
294,0x51,0,2,527,486.0,19.133,-19,52802,5
295,0x51,0,2,533,492.1,19.375,-19,52981,5
296,0x51,0,1,1092,498.3,19.617,-17,53160,5
297,0x51,0,2,536,503.9,19.84,-20,53339,5
298,0x51,0,1,662,527.6,20.773,-16,53518,5
299,0x51,0,2,395,528.9,20.823,-29,53697,5
300,0x51,0,2,448,516.8,20.345,-24,53876,5
301,0x51,0,1,659,506.4,19.939,-18,54055,5
302,0x51,0,1,662,529.3,20.84,-17,54234,5
303,0x51,0,1,468,548.8,21.605,-21,54413,5
304,0x51,0,2,458,536.7,21.128,-24,54592,5
305,0x51,0,2,482,526.4,20.723,-21,54771,5
306,0x51,0,3,480,519.4,20.449,-17,54950,5
307,0x51,0,1,675,513.8,20.228,-17,55129,5
308,0x51,0,1,660,535.7,21.092,-17,55308,5
309,0x51,0,3,456,554.4,21.826,-24,55487,5
310,0x51,0,2,464,540.8,21.292,-24,55666,5
311,0x51,0,2,448,528.1,20.791,-23,55845,5
312,0x51,0,2,516,518.5,20.413,-17,56024,5
313,0x51,0,1,664,518.1,20.398,-19,56203,5
314,0x51,0,1,661,539.5,21.242,-16,56382,5
315,0x51,0,1,466,557.8,21.959,-20,56561,5
316,0x51,0,2,475,545.3,21.47,-19,56740,5
317,0x51,0,1,469,533.9,21.019,-21,56919,5
318,0x51,0,2,464,524.2,20.636,-21,57098,5
319,0x51,0,2,516,515.9,20.31,-22,57277,5
320,0x51,0,1,674,515.9,20.311,-16,57456,5
321,0x51,0,1,657,537.1,21.144,-18,57635,5
322,0x51,0,3,472,555.1,21.853,-21,57814,5
323,0x51,0,0,-1,555.1,21.853,0,57992,5
324,0x51,0,1,467,542.6,21.362,-20,58173,5
325,0x51,0,2,467,531.3,20.916,-16,58352,5
326,0x51,0,1,473,521.6,20.536,-16,58531,5
327,0x51,0,1,484,514.3,20.249,-18,58710,5
328,0x51,0,1,649,509.8,20.07,-16,58889,5
329,0x51,0,0,-1,509.8,20.07,0,59067,5
330,0x51,0,1,461,505.9,19.918,-24,59248,5
331,0x51,0,1,652,527.4,20.763,-16,59427,5
332,0x51,0,1,660,546.1,21.499,-17,59606,5
333,0x51,0,1,677,563.2,22.172,-16,59785,5
334,0x51,0,1,673,579.6,22.82,-17,59964,5
335,0x51,0,2,516,593.6,23.372,-18,60143,5
336,0x51,0,2,502,582.0,22.913,-17,60322,5
337,0x51,0,2,447,570.0,22.441,-22,60501,5
338,0x51,0,1,413,551.5,21.714,-27,60680,5
339,0x51,0,1,659,535.9,21.097,-18,60859,5
340,0x51,0,3,461,524.6,20.655,-20,61038,5
341,0x51,0,1,662,544.8,21.448,-16,61217,5
342,0x51,0,1,665,562.4,22.141,-16,61396,5
343,0x51,0,2,501,577.3,22.729,-19,61575,5
344,0x51,0,2,470,565.9,22.278,-18,61754,5
345,0x51,0,1,474,552.1,21.736,-20,61933,5
346,0x51,0,1,679,540.4,21.275,-15,62112,5
347,0x51,0,1,658,558.0,21.969,-17,62291,5
348,0x51,0,2,487,573.0,22.56,-19,62470,5
349,0x51,0,1,667,585.8,23.062,-16,62649,5
350,0x51,0,2,466,570.9,22.478,-23,62828,5
351,0x51,0,1,448,555.2,21.859,-23,63007,5
352,0x51,0,2,467,541.8,21.332,-22,63186,5
353,0x51,0,1,463,530.0,20.866,-19,63365,5
354,0x51,0,2,451,520.0,20.471,-17,63544,5
355,0x51,0,1,433,509.6,20.063,-23,63723,5
356,0x51,0,0,-1,509.6,20.063,0,63901,5
357,0x51,0,2,407,498.1,19.611,-28,64082,5
358,0x51,0,3,426,487.3,19.185,-26,64261,5
359,0x51,0,1,656,478.1,18.823,-15,64440,4
360,0x51,0,1,512,483.2,19.023,-20,64619,5
361,0x51,0,2,485,487.5,19.193,-20,64798,5
362,0x51,0,0,-1,487.5,19.193,0,64976,5
363,0x51,0,1,665,491.2,19.338,-16,65157,5
364,0x51,0,1,664,517.1,20.359,-14,65336,5
365,0x51,0,1,675,539.3,21.232,-15,65515,5
366,0x51,0,1,669,558.7,21.998,-16,65694,5
367,0x51,0,2,669,575.3,22.649,-18,65873,5
368,0x51,0,0,-1,575.3,22.649,0,66051,5
369,0x51,0,0,-1,575.3,22.649,0,66231,5
370,0x51,0,1,478,589.3,23.202,-21,66412,5
371,0x51,0,2,487,574.0,22.598,-20,66591,5
372,0x51,0,1,453,559.6,22.031,-20,66770,5
373,0x51,0,2,646,548.7,21.602,-17,66949,5
374,0x51,0,0,-1,548.7,21.602,0,67127,5
375,0x51,0,1,432,534.3,21.037,-25,67308,5
376,0x51,0,2,487,527.2,20.758,-19,67487,5
377,0x51,0,2,482,520.5,20.491,-18,67666,5
378,0x51,0,2,483,514.8,20.269,-23,67845,5
379,0x51,0,0,-1,514.8,20.269,0,68023,5
380,0x51,0,0,-1,514.8,20.269,0,68203,5
381,0x51,0,2,467,509.9,20.075,-24,68384,5
382,0x51,0,2,468,503.6,19.828,-21,68563,5
383,0x51,0,1,646,498.3,19.617,-17,68742,5
384,0x51,0,3,437,493.7,19.439,-26,68921,5
385,0x51,0,1,478,491.4,19.346,-21,69100,5
386,0x51,0,1,479,489.4,19.267,-20,69279,5
387,0x51,0,1,468,487.7,19.199,-22,69458,5
388,0x51,0,1,472,485.3,19.107,-23,69637,5
389,0x51,0,1,533,483.3,19.028,-18,69816,5
390,0x51,0,0,-1,483.3,19.028,0,69994,5
391,0x51,0,0,-1,483.3,19.028,0,70174,5
392,0x51,0,2,412,481.6,18.961,-27,70355,4
393,0x51,0,1,501,484.5,19.076,-20,70534,5
394,0x51,0,0,-1,484.5,19.076,0,70712,5
395,0x51,0,2,482,484.1,19.061,-21,70893,5
396,0x51,0,1,478,483.8,19.048,-16,71072,5
397,0x51,0,2,541,483.6,19.038,-18,71251,5
398,0x51,0,0,-1,483.6,19.038,0,71429,5
399,0x51,0,1,879,492.2,19.377,-20,71610,5
400,0x51,0,2,513,499.5,19.665,-21,71789,5
401,0x51,0,2,442,501.5,19.745,-24,71968,5
402,0x51,0,1,646,503.2,19.813,-18,72147,5
403,0x51,0,2,404,494.1,19.451,-25,72326,5
404,0x51,0,2,399,480.5,18.919,-26,72505,4
405,0x51,0,2,402,468.8,18.455,-27,72684,4
406,0x51,0,1,666,458.8,18.061,-17,72863,4
407,0x51,0,1,659,488.8,19.244,-16,73042,5
408,0x51,0,1,651,514.3,20.249,-18,73221,5
409,0x51,0,0,-1,514.3,20.249,0,73399,5
410,0x51,0,1,542,534.8,21.056,-18,73580,5
411,0x51,0,1,478,535.9,21.098,-23,73759,5
412,0x51,0,1,499,530.4,20.88,-19,73938,5
413,0x51,0,0,-1,530.4,20.88,0,74116,5
414,0x51,0,2,501,525.7,20.695,-19,74297,5
415,0x51,0,1,888,522.0,20.55,-17,74476,5
416,0x51,0,2,449,518.8,20.426,-22,74655,5
417,0x51,0,1,659,539.8,21.254,-18,74834,5
418,0x51,0,1,671,557.7,21.957,-17,75013,5
419,0x51,0,2,502,572.9,22.556,-19,75192,5
420,0x51,0,1,665,586.7,23.099,-18,75371,5
421,0x51,0,2,475,574.0,22.599,-20,75550,5
422,0x51,0,3,480,559.9,22.044,-20,75729,5
423,0x51,0,1,542,547.9,21.572,-17,75908,5
424,0x51,0,2,455,537.7,21.171,-18,76087,5
425,0x51,0,1,421,525.3,20.682,-25,76266,5
426,0x51,0,1,692,514.8,20.267,-16,76445,5
427,0x51,0,1,660,536.6,21.124,-16,76624,5
428,0x51,0,2,500,555.1,21.853,-21,76803,5
429,0x51,0,2,526,550.7,21.682,-21,76982,5
430,0x51,0,1,664,547.0,21.536,-17,77161,5
431,0x51,0,1,671,564.6,22.227,-16,77340,5
432,0x51,0,2,480,579.5,22.814,-21,77519,5
433,0x51,0,2,450,564.6,22.226,-21,77698,5
434,0x51,0,2,521,551.9,21.727,-23,77877,5
435,0x51,0,2,475,540.3,21.273,-23,78056,5
436,0x51,0,2,500,534.3,21.035,-16,78235,5
437,0x51,0,1,442,525.4,20.685,-25,78414,5
438,0x51,0,2,478,518.3,20.405,-16,78593,5
439,0x51,0,2,461,509.7,20.067,-24,78772,5
440,0x51,0,2,464,502.8,19.797,-21,78951,5
441,0x51,0,2,401,496.6,19.55,-29,79130,5
442,0x51,0,0,-1,496.6,19.55,0,79308,5
443,0x51,0,2,497,491.7,19.357,-19,79489,5
444,0x51,0,1,648,492.5,19.389,-16,79668,5
445,0x51,0,2,523,497.1,19.569,-20,79847,5
446,0x51,0,0,-1,497.1,19.569,0,80025,5
447,0x51,0,1,504,500.9,19.722,-16,80206,5
448,0x51,0,1,428,501.4,19.74,-26,80385,5
449,0x51,0,2,488,499.4,19.661,-14,80564,5
450,0x51,0,2,489,497.7,19.594,-19,80743,5
451,0x51,0,2,482,496.2,19.537,-16,80922,5
452,0x51,0,1,688,495.1,19.494,-18,81101,5
453,0x51,0,1,665,520.6,20.497,-18,81280,5
454,0x51,0,2,481,542.3,21.35,-17,81459,5
455,0x51,0,1,862,560.7,22.074,-17,81638,5
456,0x51,0,3,441,548.7,21.604,-24,81817,5
457,0x51,0,1,658,565.1,22.249,-19,81996,5
458,0x51,0,1,455,548.6,21.599,-21,82175,5
459,0x51,0,2,447,534.6,21.046,-24,82354,5
460,0x51,0,2,502,522.6,20.576,-21,82533,5
461,0x51,0,1,492,518.0,20.395,-17,82712,5
462,0x51,0,1,664,515.6,20.3,-18,82891,5
463,0x51,0,1,481,512.1,20.161,-20,83070,5
464,0x51,0,1,495,509.5,20.06,-21,83249,5
465,0x51,0,0,-1,509.5,20.06,0,83427,5
466,0x51,0,2,410,505.2,19.892,-27,83608,5
467,0x51,0,2,655,503.7,19.831,-20,83787,5
468,0x51,0,2,454,496.3,19.537,-22,83966,5
469,0x51,0,2,462,491.1,19.335,-21,84145,5
470,0x51,0,0,-1,491.1,19.335,0,84323,5
471,0x51,0,2,477,486.7,19.163,-20,84504,5
472,0x51,0,2,477,485.3,19.106,-20,84683,5
473,0x51,0,1,477,484.0,19.057,-21,84862,5
474,0x51,0,1,664,483.0,19.015,-16,85041,5
475,0x51,0,0,-1,483.0,19.015,0,85219,5
476,0x51,0,2,442,482.1,18.98,-25,85400,4
477,0x51,0,2,463,479.2,18.867,-26,85579,4
478,0x51,0,2,658,476.8,18.771,-16,85758,4
479,0x51,0,1,499,480.1,18.902,-17,85937,4
480,0x51,0,1,530,487.6,19.197,-20,86116,5
481,0x51,0,1,460,489.3,19.264,-21,86295,5
482,0x51,0,2,424,484.9,19.091,-24,86474,5
483,0x51,0,1,998,481.2,18.944,-19,86653,4
484,0x51,0,1,465,478.8,18.849,-23,86832,4
485,0x51,0,1,491,480.6,18.921,-19,87011,4
486,0x51,0,1,430,478.3,18.829,-25,87190,4
487,0x51,0,1,436,471.9,18.579,-25,87369,4
488,0x51,0,2,445,466.5,18.367,-20,87548,4
489,0x51,0,2,489,463.3,18.24,-23,87727,4
490,0x51,0,2,444,460.6,18.132,-24,87906,4
491,0x51,0,2,454,459.6,18.093,-24,88085,4
492,0x51,0,0,-1,459.6,18.093,0,88263,4
493,0x51,0,2,453,458.6,18.055,-23,88444,4
494,0x51,0,4,443,457.7,18.022,-23,88623,4
495,0x51,0,1,1058,457.0,17.993,-15,88802,4
496,0x51,0,2,450,456.0,17.952,-22,88981,4
497,0x51,0,1,650,485.1,19.098,-18,89160,5
498,0x51,0,1,487,485.4,19.109,-17,89339,5
499,0x51,0,1,505,488.3,19.225,-17,89518,5
500,0x51,0,2,480,488.1,19.217,-17,89697,5
501,0x51,0,1,464,486.9,19.169,-22,89876,5
502,0x51,0,1,494,485.9,19.129,-16,90055,5
503,0x51,0,2,500,487.1,19.177,-18,90234,5
504,0x51,0,2,491,488.1,19.217,-17,90413,5
505,0x51,0,1,486,488.6,19.234,-20,90592,5
506,0x51,0,0,-1,488.6,19.234,0,90770,5
507,0x51,0,1,488,488.5,19.231,-18,90951,5
508,0x51,0,3,474,488.1,19.217,-21,91130,5
509,0x51,0,1,501,488.1,19.216,-19,91309,5
510,0x51,0,2,436,486.0,19.133,-26,91488,5
511,0x51,0,1,492,486.9,19.168,-21,91667,5
512,0x51,0,2,461,483.0,19.016,-23,91846,5
513,0x51,0,2,405,479.7,18.886,-29,92025,4
514,0x51,0,1,648,476.9,18.775,-18,92204,4
515,0x51,0,1,541,486.5,19.154,-19,92383,5
516,0x51,0,1,649,510.7,20.108,-18,92562,5
517,0x51,0,0,-1,510.7,20.108,0,92740,5
518,0x51,0,0,-1,510.7,20.108,0,92920,5
519,0x51,0,2,408,515.3,20.286,-26,93101,5
520,0x51,0,1,674,535.3,21.076,-18,93280,5
521,0x51,0,1,672,555.8,21.883,-18,93459,5
522,0x51,0,1,807,573.6,22.581,-18,93638,5
523,0x51,0,1,535,588.3,23.162,-18,93817,5
524,0x51,0,1,527,580.3,22.847,-20,93996,5
525,0x51,0,1,656,573.5,22.58,-16,94175,5
526,0x51,0,2,500,566.5,22.305,-19,94354,5
527,0x51,0,2,451,556.6,21.912,-23,94533,5
528,0x51,0,1,529,548.1,21.578,-23,94712,5
529,0x51,0,1,416,533.5,21.005,-28,94891,5
530,0x51,0,1,674,532.8,20.978,-20,95070,5
531,0x51,0,0,-1,532.8,20.978,0,95248,5
532,0x51,0,1,660,551.9,21.729,-19,95429,5
533,0x51,0,1,665,568.9,22.397,-16,95608,5
534,0x51,0,1,480,582.5,22.935,-20,95787,5
535,0x51,0,2,487,568.2,22.371,-22,95966,5
536,0x51,0,2,439,555.0,21.85,-25,96145,5
537,0x51,0,1,485,544.5,21.436,-21,96324,5
538,0x51,0,3,441,529.0,20.825,-21,96503,5
539,0x51,0,0,-1,529.0,20.825,0,96681,5
540,0x51,0,0,-1,529.0,20.825,0,96861,5
541,0x51,0,2,525,522.4,20.566,-20,97042,5
542,0x51,0,1,447,511.1,20.121,-21,97221,5
543,0x51,0,2,464,504.0,19.843,-22,97400,5
544,0x51,0,2,506,498.0,19.606,-18,97579,5
545,0x51,0,2,501,498.5,19.624,-19,97758,5
546,0x51,0,1,542,499.6,19.669,-20,97937,5
547,0x51,0,2,484,499.8,19.677,-22,98116,5
548,0x51,0,0,-1,499.8,19.677,0,98294,5
549,0x51,0,2,489,498.2,19.613,-19,98475,5
550,0x51,0,1,667,496.8,19.559,-19,98654,5
551,0x51,0,0,-1,496.8,19.559,0,98832,5
552,0x51,0,0,-1,496.8,19.559,0,99012,5
553,0x51,0,1,647,519.3,20.446,-17,99193,5
554,0x51,0,1,491,538.5,21.2,-18,99372,5
555,0x51,0,2,472,531.4,20.92,-18,99551,5
556,0x51,0,0,-1,531.4,20.92,0,99729,5
557,0x51,0,1,649,525.3,20.681,-16,99910,5
558,0x51,0,1,442,517.3,20.367,-23,100089,5
559,0x51,0,2,466,509.6,20.064,-16,100268,5
560,0x51,0,1,432,499.5,19.664,-25,100447,5
561,0x51,0,2,482,494.5,19.467,-21,100626,5
562,0x51,0,1,454,488.4,19.228,-21,100805,5
563,0x51,0,2,465,484.9,19.09,-20,100984,5
564,0x51,0,1,478,481.9,18.972,-20,101163,4
565,0x51,0,3,447,479.4,18.872,-22,101342,4
566,0x51,0,1,474,478.6,18.841,-21,101521,4
567,0x51,0,2,453,474.7,18.69,-22,101700,4
568,0x51,0,2,477,474.6,18.686,-22,101879,4
569,0x51,0,2,476,474.8,18.694,-21,102058,4
570,0x51,0,1,658,475.1,18.707,-17,102237,4
571,0x51,0,2,467,475.3,18.712,-21,102416,4
572,0x51,0,2,470,474.5,18.681,-24,102595,4
573,0x51,0,2,470,473.8,18.654,-22,102774,4
574,0x51,0,0,-1,473.8,18.654,0,102952,4
575,0x51,0,0,-1,473.8,18.654,0,103132,4
576,0x51,0,2,516,473.2,18.632,-19,103313,4
577,0x51,0,2,463,472.8,18.612,-21,103492,4
578,0x51,0,2,484,474.4,18.679,-21,103671,4
579,0x51,0,3,445,472.7,18.611,-24,103850,4
580,0x51,0,1,678,474.4,18.678,-15,104029,4
581,0x51,0,3,505,479.0,18.858,-21,104208,4
582,0x51,0,1,1069,508.9,20.034,-17,104387,5
583,0x51,0,1,674,533.6,21.009,-16,104566,5
584,0x51,0,1,919,591.4,23.285,-17,104745,5
585,0x51,0,1,1017,640.6,25.219,-20,104924,5
586,0x51,0,0,-1,640.6,25.219,0,105102,5
587,0x51,0,0,-1,640.6,25.219,0,105282,5
588,0x51,0,0,-1,640.6,25.219,0,105462,5
589,0x51,0,0,-1,640.6,25.219,0,105642,5
590,0x51,0,0,-1,640.6,25.219,0,105822,5
591,0x51,0,0,-1,640.6,25.219,0,106002,5
592,0x51,0,0,-1,640.6,25.219,0,106182,5
593,0x51,0,0,-1,640.6,25.219,0,106362,5
594,0x51,0,0,-1,640.6,25.219,0,106542,5
595,0x51,0,0,-1,640.6,25.219,0,106722,5
596,0x51,0,0,-1,640.6,25.219,0,106902,5
597,0x51,0,0,-1,640.6,25.219,0,107082,5
598,0x51,0,0,-1,640.6,25.219,0,107262,5
599,0x51,0,0,-1,640.6,25.219,0,107442,5
600,0x51,0,0,-1,640.6,25.219,0,107622,5
601,0x51,0,0,-1,640.6,25.219,0,107802,5
602,0x51,0,0,-1,640.6,25.219,0,107982,5
603,0x51,0,0,-1,640.6,25.219,0,108162,5
604,0x51,0,0,-1,640.6,25.219,0,108342,5
605,0x51,0,0,-1,640.6,25.219,0,108522,5
606,0x51,0,0,-1,640.6,25.219,0,108702,5
607,0x51,0,0,-1,640.6,25.219,0,108882,5
608,0x51,0,0,-1,640.6,25.219,0,109062,5
609,0x51,0,0,-1,640.6,25.219,0,109242,5
610,0x51,0,0,-1,640.6,25.219,0,109422,5
611,0x51,0,0,-1,640.6,25.219,0,109602,5
612,0x51,0,0,-1,640.6,25.219,0,109782,5
613,0x51,0,0,-1,640.6,25.219,0,109962,5
614,0x51,0,0,-1,640.6,25.219,0,110142,5
615,0x51,0,0,-1,640.6,25.219,0,110322,5
616,0x51,0,0,-1,640.6,25.219,0,110502,5
617,0x51,0,0,-1,640.6,25.219,0,110682,5
618,0x51,0,0,-1,640.6,25.219,0,110862,5
619,0x51,0,0,-1,640.6,25.219,0,111042,5
620,0x51,0,0,-1,640.6,25.219,0,111222,5
621,0x51,0,1,1165,697.0,27.442,-25,111403,5
622,0x51,0,0,-1,697.0,27.442,0,111581,5
623,0x51,0,0,-1,697.0,27.442,0,111761,5
624,0x51,0,0,-1,697.0,27.442,0,111941,5
625,0x51,0,0,-1,697.0,27.442,0,112121,5
626,0x51,0,0,-1,697.0,27.442,0,112301,5
627,0x51,0,0,-1,697.0,27.442,0,112481,5
628,0x51,0,0,-1,697.0,27.442,0,112661,5
629,0x51,0,0,-1,697.0,27.442,0,112841,5
630,0x51,0,0,-1,697.0,27.442,0,113021,5
631,0x51,0,0,-1,697.0,27.442,0,113201,5
632,0x51,0,0,-1,697.0,27.442,0,113381,5
