frame id,address,retcode,numDistances,raw_mm,medianEMA_mm,medianEMA_in,p0 str,time now,LED status
0,0x51,0,0,-1,-1.0,-1.0,0,105,1
1,0x51,0,0,-1,-1.0,-1.0,0,285,1
2,0x51,0,0,-1,-1.0,-1.0,0,465,1
3,0x51,0,0,-1,-1.0,-1.0,0,645,1
4,0x51,0,0,-1,-1.0,-1.0,0,825,1
5,0x51,0,0,-1,-1.0,-1.0,0,1005,1
6,0x51,0,0,-1,-1.0,-1.0,0,1185,1
7,0x51,0,0,-1,-1.0,-1.0,0,1365,1
8,0x51,0,0,-1,-1.0,-1.0,0,1545,1
9,0x51,0,0,-1,-1.0,-1.0,0,1725,1
10,0x51,0,0,-1,-1.0,-1.0,0,1905,1
11,0x51,0,0,-1,-1.0,-1.0,0,2085,1
12,0x51,0,0,-1,-1.0,-1.0,0,2265,1
13,0x51,0,0,-1,-1.0,-1.0,0,2445,1
14,0x51,0,0,-1,-1.0,-1.0,0,2625,1
15,0x51,0,0,-1,-1.0,-1.0,0,2805,1
16,0x51,0,0,-1,-1.0,-1.0,0,2985,1
17,0x51,0,0,-1,-1.0,-1.0,0,3165,1
18,0x51,0,0,-1,-1.0,-1.0,0,3345,1
19,0x51,0,0,-1,-1.0,-1.0,0,3525,1
20,0x51,0,0,-1,-1.0,-1.0,0,3705,1
21,0x51,0,0,-1,-1.0,-1.0,0,3885,1
22,0x51,0,0,-1,-1.0,-1.0,0,4065,1
23,0x51,0,0,-1,-1.0,-1.0,0,4245,1
24,0x51,0,0,-1,-1.0,-1.0,0,4425,1
25,0x51,0,0,-1,-1.0,-1.0,0,4605,1
26,0x51,0,0,-1,-1.0,-1.0,0,4785,1
27,0x51,0,0,-1,-1.0,-1.0,0,4965,1
28,0x51,0,0,-1,-1.0,-1.0,0,5145,1
29,0x51,0,0,-1,-1.0,-1.0,0,5325,1
30,0x51,0,0,-1,-1.0,-1.0,0,5505,1
31,0x51,0,0,-1,-1.0,-1.0,0,5685,1
32,0x51,0,0,-1,-1.0,-1.0,0,5865,1
33,0x51,0,0,-1,-1.0,-1.0,0,6045,1
34,0x51,0,0,-1,-1.0,-1.0,0,6225,1
35,0x51,0,0,-1,-1.0,-1.0,0,6405,1
36,0x51,0,0,-1,-1.0,-1.0,0,6585,1
37,0x51,0,0,-1,-1.0,-1.0,0,6765,1
38,0x51,0,0,-1,-1.0,-1.0,0,6945,1
39,0x51,0,0,-1,-1.0,-1.0,0,7125,1
40,0x51,0,1,778,778.0,30.63,-31,7306,5
41,0x51,0,1,755,755.0,29.724,-27,7485,5
42,0x51,0,0,-1,755.0,29.724,0,7663,5
43,0x51,0,0,-1,755.0,29.724,0,7843,5
44,0x51,0,1,739,739.0,29.094,-25,8024,5
45,0x51,0,0,-1,739.0,29.094,0,8202,5
46,0x51,0,0,-1,739.0,29.094,0,8382,5
47,0x51,0,1,777,741.4,29.189,-29,8563,5
48,0x51,0,0,-1,741.4,29.189,0,8741,5
49,0x51,0,0,-1,741.4,29.189,0,8921,5
50,0x51,0,0,-1,741.4,29.189,0,9101,5
51,0x51,0,0,-1,741.4,29.189,0,9281,5
52,0x51,0,0,-1,741.4,29.189,0,9461,5
53,0x51,0,0,-1,741.4,29.189,0,9641,5
54,0x51,0,1,1325,746.7,29.399,-18,9822,5
55,0x51,0,1,1293,828.7,32.625,-16,10001,5
56,0x51,0,2,1181,898.3,35.367,-15,10180,5
57,0x51,0,2,936,940.7,37.037,-20,10359,5
58,0x51,0,1,1003,950.1,37.404,-9,10538,5
59,0x51,0,1,976,954.0,37.557,-15,10717,5
60,0x51,0,1,1003,961.3,37.847,-8,10896,5
61,0x51,0,3,949,963.5,37.934,-21,11075,5
62,0x51,0,1,1038,969.4,38.167,-7,11254,5
63,0x51,0,1,1096,979.7,38.572,-7,11433,5
64,0x51,0,3,856,988.5,38.916,-22,11612,5
65,0x51,0,1,955,983.4,38.718,-8,11791,5
66,0x51,0,2,954,979.0,38.544,-21,11970,5
67,0x51,0,2,1010,975.4,38.403,-14,12149,5
68,0x51,0,2,915,972.2,38.276,-10,12328,5
69,0x51,0,1,949,968.7,38.139,-15,12507,5
70,0x51,0,2,912,960.7,37.822,-14,12686,5
71,0x51,0,1,1053,958.9,37.753,-12,12865,5
72,0x51,0,2,933,955.0,37.6,-18,13044,5
73,0x51,0,2,939,952.6,37.505,-12,13223,5
74,0x51,0,1,980,950.6,37.425,-10,13402,5
75,0x51,0,1,996,955.0,37.598,-9,13581,5
76,0x51,0,1,1120,961.1,37.84,-4,13760,5
77,0x51,0,1,947,966.4,38.046,-14,13939,5
78,0x51,0,1,1217,989.4,38.953,-10,14118,5
79,0x51,0,1,1023,994.5,39.152,-9,14297,5
80,0x51,0,1,1073,1006.2,39.616,-10,14476,5
81,0x51,0,1,984,1008.8,39.715,-11,14655,5
82,0x51,0,1,1072,1018.2,40.088,-7,14834,5
83,0x51,0,2,961,1013.1,39.886,-11,15013,5
84,0x51,0,2,1037,1016.7,40.027,-18,15192,5
85,0x51,0,1,1006,1015.1,39.964,-14,15371,5
86,0x51,0,2,895,1013.7,39.91,-18,15550,5
87,0x51,0,1,948,1003.9,39.522,-7,15729,5
88,0x51,0,1,991,995.5,39.192,-11,15908,5
89,0x51,0,1,922,988.4,38.912,-14,16087,5
90,0x51,0,2,939,981.0,38.62,-15,16266,5
91,0x51,0,1,1017,974.7,38.373,-12,16445,5
92,0x51,0,1,1011,980.1,38.587,-17,16624,5
93,0x51,0,1,1116,985.6,38.805,-8,16803,5
94,0x51,0,2,963,989.5,38.955,-13,16982,5
95,0x51,0,2,924,985.5,38.799,-16,17161,5
96,0x51,0,1,999,982.1,38.666,-11,17340,5
97,0x51,0,1,1091,984.6,38.766,-9,17519,5
98,0x51,0,2,996,986.8,38.85,-11,17698,5
99,0x51,0,1,1035,994.0,39.135,-7,17877,5
100,0x51,0,1,1001,995.1,39.176,-7,18056,5
101,0x51,0,3,900,996.0,39.211,-23,18235,5
102,0x51,0,1,1162,996.7,39.241,-7,18414,5
103,0x51,0,1,1023,1000.7,39.396,-2,18593,5
104,0x51,0,1,1005,1004.0,39.528,-6,18772,5
105,0x51,0,3,379,1004.2,39.534,-28,18951,5
106,0x51,0,2,928,992.7,39.084,-17,19130,5
107,0x51,0,1,934,983.0,38.702,-14,19309,5
108,0x51,0,1,956,975.7,38.412,-11,19488,5
109,0x51,0,2,944,970.9,38.225,-11,19667,5
110,0x51,0,2,912,966.9,38.066,-15,19846,5
111,0x51,0,1,1027,963.5,37.931,-9,20025,5
112,0x51,0,1,1082,973.0,38.306,-6,20204,5
113,0x51,0,2,894,981.1,38.625,-13,20383,5
114,0x51,0,2,901,969.1,38.152,-16,20562,5
115,0x51,0,2,1002,958.9,37.75,-13,20741,5
116,0x51,0,1,1098,965.3,38.005,-9,20920,5
117,0x51,0,1,1057,979.1,38.547,-3,21099,5
118,0x51,0,2,986,990.8,39.007,-15,21278,5
119,0x51,0,1,957,990.1,38.979,-7,21457,5
120,0x51,0,2,951,985.1,38.783,-9,21636,5
121,0x51,0,2,910,980.0,38.582,-8,21815,5
122,0x51,0,2,842,969.5,38.169,-15,21994,5
123,0x51,0,1,817,950.4,37.416,-12,22173,5
124,0x51,0,0,-1,950.4,37.416,0,22351,5
125,0x51,0,1,632,930.4,36.628,-18,22532,5
126,0x51,0,1,912,913.4,35.959,-15,22711,5
127,0x51,0,1,760,890.4,35.053,-18,22890,5
128,0x51,0,1,595,870.8,34.283,-16,23069,5
129,0x51,0,1,1060,854.2,33.629,-19,23248,5
130,0x51,0,1,547,815.3,32.098,-17,23427,5
131,0x51,0,1,662,792.3,31.193,-16,23606,5
132,0x51,0,1,569,758.8,29.874,-19,23785,5
133,0x51,0,1,659,743.8,29.285,-18,23964,5
134,0x51,0,2,443,717.6,28.252,-27,24143,5
135,0x51,0,0,-1,717.6,28.252,0,24321,5
136,0x51,0,2,440,676.4,26.631,-22,24502,5
137,0x51,0,0,-1,676.4,26.631,0,24680,5
138,0x51,0,0,-1,676.4,26.631,0,24860,5
139,0x51,0,2,438,641.0,25.235,-26,25041,5
140,0x51,0,2,500,610.8,24.048,-20,25220,5
141,0x51,0,2,481,591.3,23.281,-23,25399,5
142,0x51,0,2,440,574.8,22.63,-25,25578,5
143,0x51,0,1,478,560.3,22.058,-20,25757,5
144,0x51,0,1,479,547.9,21.572,-18,25936,5
145,0x51,0,2,478,537.4,21.159,-19,26115,5
146,0x51,0,2,477,528.5,20.808,-22,26294,5
147,0x51,0,1,469,520.8,20.504,-22,26473,5
148,0x51,0,1,444,513.0,20.198,-24,26652,5
149,0x51,0,2,444,502.7,19.79,-21,26831,5
150,0x51,0,1,494,493.9,19.444,-22,27010,5
151,0x51,0,1,478,491.5,19.35,-18,27189,5
152,0x51,0,0,-1,491.5,19.35,0,27367,5
153,0x51,0,0,-1,491.5,19.35,0,27547,5
154,0x51,0,1,491,491.4,19.347,-22,27728,5
155,0x51,0,2,484,490.3,19.303,-22,27907,5
156,0x51,0,2,431,489.4,19.266,-25,28086,5
157,0x51,0,1,453,483.9,19.051,-25,28265,5
158,0x51,0,2,447,478.4,18.833,-24,28444,4
159,0x51,0,2,446,473.7,18.648,-25,28623,4
160,0x51,0,2,443,469.5,18.485,-27,28802,4
161,0x51,0,1,440,465.5,18.328,-25,28981,4
162,0x51,0,0,-1,465.5,18.328,0,29159,4
163,0x51,0,0,-1,465.5,18.328,0,29339,4
164,0x51,0,0,-1,465.5,18.328,0,29519,4
165,0x51,0,1,1178,462.2,18.195,-22,29700,4
166,0x51,0,1,530,472.3,18.596,-21,29879,4
167,0x51,0,1,599,491.3,19.344,-19,30058,5
168,0x51,0,0,-1,491.3,19.344,0,30236,5
169,0x51,0,0,-1,491.3,19.344,0,30416,5
170,0x51,0,1,540,498.6,19.631,-17,30597,5
171,0x51,0,0,-1,498.6,19.631,0,30775,5
172,0x51,0,1,501,504.8,19.876,-22,30956,5
173,0x51,0,1,469,504.3,19.853,-24,31135,5
174,0x51,0,1,531,503.8,19.834,-20,31314,5
175,0x51,0,0,-1,503.8,19.834,0,31492,5
176,0x51,0,1,513,505.2,19.888,-20,31673,5
177,0x51,0,1,454,506.3,19.934,-21,31852,5
178,0x51,0,0,-1,506.3,19.934,0,32030,5
179,0x51,0,1,817,507.3,19.974,-21,32211,5
180,0x51,0,1,756,544.6,21.442,-21,32390,5
181,0x51,0,0,-1,544.6,21.442,0,32568,5
182,0x51,0,1,450,576.3,22.69,-27,32749,5
183,0x51,0,1,468,560.1,22.051,-25,32928,5
184,0x51,0,1,1189,546.3,21.507,-20,33107,5
185,0x51,0,2,450,534.5,21.045,-21,33286,5
186,0x51,0,1,588,542.6,21.36,-19,33465,5
187,0x51,0,2,457,529.7,20.855,-23,33644,5
188,0x51,0,1,1173,538.5,21.199,-21,33823,5
189,0x51,0,2,455,526.2,20.718,-24,34002,5
190,0x51,0,1,457,515.9,20.309,-22,34181,5
191,0x51,0,0,-1,515.9,20.309,0,34359,5
192,0x51,0,1,482,507.0,19.962,-21,34540,5
193,0x51,0,1,453,499.5,19.666,-22,34719,5
194,0x51,0,2,508,496.9,19.563,-18,34898,5
195,0x51,0,1,510,498.6,19.628,-18,35077,5
196,0x51,0,1,458,500.0,19.684,-22,35256,5
197,0x51,0,0,-1,500.0,19.684,0,35434,5
198,0x51,0,1,604,501.5,19.743,-20,35615,5
199,0x51,0,2,448,495.0,19.487,-24,35794,5
200,0x51,0,3,450,488.2,19.221,-22,35973,5
201,0x51,0,0,-1,488.2,19.221,0,36151,5
202,0x51,0,2,448,482.2,18.984,-23,36332,4
203,0x51,0,1,1062,477.4,18.794,-22,36511,4
204,0x51,0,0,-1,477.4,18.794,0,36689,4
205,0x51,0,0,-1,477.4,18.794,0,36869,4
206,0x51,0,0,-1,477.4,18.794,0,37049,4
207,0x51,0,0,-1,477.4,18.794,0,37229,4
208,0x51,0,0,-1,477.4,18.794,0,37409,4
209,0x51,0,0,-1,477.4,18.794,0,37589,4
210,0x51,0,1,459,474.6,18.685,-23,37770,4
211,0x51,0,1,458,472.3,18.593,-23,37949,4
212,0x51,0,1,481,470.3,18.515,-23,38128,4
213,0x51,0,1,470,470.2,18.513,-23,38307,4
214,0x51,0,1,469,470.2,18.512,-23,38486,4
215,0x51,0,0,-1,470.2,18.512,0,38664,4
216,0x51,0,1,619,470.2,18.511,-17,38845,4
217,0x51,0,0,-1,470.2,18.511,0,39023,4
218,0x51,0,0,-1,470.2,18.511,0,39203,4
219,0x51,0,0,-1,470.2,18.511,0,39383,4
220,0x51,0,1,979,492.5,19.389,-24,39564,5
221,0x51,0,1,1011,565.5,22.263,-22,39743,5
222,0x51,0,1,460,627.5,24.705,-24,39922,5
223,0x51,0,1,468,603.6,23.763,-23,40101,5
224,0x51,0,0,-1,603.6,23.763,0,40279,5
225,0x51,0,1,479,583.2,22.962,-26,40460,5
226,0x51,0,0,-1,583.2,22.962,0,40638,5
227,0x51,0,1,499,567.6,22.347,-22,40819,5
228,0x51,0,1,450,554.3,21.823,-26,40998,5
229,0x51,0,2,481,543.3,21.39,-25,41177,5
230,0x51,0,1,475,533.1,20.987,-24,41356,5
231,0x51,0,0,-1,533.1,20.987,0,41534,5
232,0x51,0,1,475,524.4,20.644,-23,41715,5
233,0x51,0,1,471,517.0,20.353,-21,41894,5
234,0x51,0,1,468,510.1,20.081,-25,42073,5
235,0x51,0,1,1164,504.2,19.85,-19,42252,5
236,0x51,0,1,492,502.4,19.778,-24,42431,5
237,0x51,0,1,441,500.8,19.717,-26,42610,5
238,0x51,0,0,-1,500.8,19.717,0,42788,5
239,0x51,0,0,-1,500.8,19.717,0,42968,5
240,0x51,0,1,739,499.5,19.665,-21,43149,5
241,0x51,0,0,-1,499.5,19.665,0,43327,5
242,0x51,0,1,444,491.2,19.337,-25,43508,5
243,0x51,0,1,450,485.0,19.094,-23,43687,5
244,0x51,0,1,460,479.7,18.888,-24,43866,4
245,0x51,0,1,478,476.8,18.771,-24,44045,4
246,0x51,0,0,-1,476.8,18.771,0,44223,4
247,0x51,0,0,-1,476.8,18.771,0,44403,4
248,0x51,0,0,-1,476.8,18.771,0,44583,4
249,0x51,0,1,452,474.3,18.672,-23,44764,4
250,0x51,0,1,458,471.8,18.576,-22,44943,4
251,0x51,0,0,-1,471.8,18.576,0,45121,4
252,0x51,0,1,449,468.9,18.459,-25,45302,4
253,0x51,0,2,448,465.9,18.342,-21,45481,4
254,0x51,0,1,446,463.2,18.236,-21,45660,4
255,0x51,0,1,453,460.9,18.146,-19,45839,4
256,0x51,0,1,456,459.7,18.099,-20,46018,4
257,0x51,0,1,1132,459.2,18.077,-21,46197,4
258,0x51,0,2,773,506.2,19.931,-23,46376,5
259,0x51,0,2,474,546.3,21.506,-22,46555,5
260,0x51,0,2,480,536.3,21.115,-21,46734,5
261,0x51,0,1,538,527.9,20.782,-17,46913,5
262,0x51,0,1,529,528.0,20.789,-19,47092,5
263,0x51,0,1,450,528.2,20.795,-23,47271,5
264,0x51,0,0,-1,528.2,20.795,0,47449,5
265,0x51,0,1,444,516.5,20.333,-24,47630,5
266,0x51,0,1,466,506.5,19.94,-24,47809,5
267,0x51,0,1,501,500.4,19.701,-21,47988,5
268,0x51,0,0,-1,500.4,19.701,0,48166,5
269,0x51,0,1,448,495.3,19.498,-22,48347,5
270,0x51,0,1,513,496.1,19.532,-19,48526,5
271,0x51,0,0,-1,496.1,19.532,0,48704,5
272,0x51,0,1,515,498.6,19.632,-18,48885,5
273,0x51,0,0,-1,498.6,19.632,0,49063,5
274,0x51,0,1,443,500.8,19.717,-22,49244,5
275,0x51,0,1,446,492.6,19.393,-21,49423,5
276,0x51,0,1,443,485.1,19.1,-23,49602,5
277,0x51,0,1,550,479.3,18.869,-21,49781,4
278,0x51,0,0,-1,479.3,18.869,0,49959,4
279,0x51,0,1,447,474.4,18.678,-24,50140,4
280,0x51,0,1,448,470.5,18.522,-20,50319,4
281,0x51,0,0,-1,470.5,18.522,0,50497,4
282,0x51,0,1,447,466.9,18.384,-21,50678,4
283,0x51,0,0,-1,466.9,18.384,0,50856,4
284,0x51,0,1,558,464.1,18.272,-20,51037,4
285,0x51,0,1,517,472.0,18.584,-17,51216,4
286,0x51,0,1,513,478.8,18.85,-21,51395,4
287,0x51,0,1,452,483.9,19.052,-23,51574,5
288,0x51,0,1,514,488.3,19.224,-20,51753,5
289,0x51,0,1,449,482.8,19.009,-22,51932,5
290,0x51,0,1,449,477.8,18.809,-23,52111,4
291,0x51,0,0,-1,477.8,18.809,0,52289,4
292,0x51,0,0,-1,477.8,18.809,0,52469,4
293,0x51,0,0,-1,477.8,18.809,0,52649,4
294,0x51,0,0,-1,477.8,18.809,0,52829,4
295,0x51,0,1,446,473.4,18.64,-22,53010,4
296,0x51,0,2,443,469.3,18.478,-21,53189,4
297,0x51,0,1,521,465.8,18.34,-19,53368,4
298,0x51,0,1,449,463.3,18.24,-25,53547,4
299,0x51,0,0,-1,463.3,18.24,0,53725,4
300,0x51,0,0,-1,463.3,18.24,0,53905,4
301,0x51,0,0,-1,463.3,18.24,0,54085,4
302,0x51,0,0,-1,463.3,18.24,0,54265,4
303,0x51,0,0,-1,463.3,18.24,0,54445,4
304,0x51,0,2,556,472.0,18.581,-20,54626,4
305,0x51,0,0,-1,472.0,18.581,0,54804,4
306,0x51,0,1,760,484.6,19.077,-17,54985,5
307,0x51,0,1,1138,525.9,20.704,-19,55164,5
308,0x51,0,1,513,561.0,22.087,-21,55343,5
309,0x51,0,1,1127,645.9,25.429,-17,55522,5
310,0x51,0,1,768,664.2,26.15,-19,55701,5
311,0x51,0,0,-1,664.2,26.15,0,55879,5
312,0x51,0,0,-1,664.2,26.15,0,56059,5
313,0x51,0,2,459,679.8,26.763,-25,56240,5
314,0x51,0,1,1081,693.0,27.284,-21,56419,5
315,0x51,0,0,-1,693.0,27.284,0,56597,5
316,0x51,0,1,521,667.2,26.268,-20,56778,5
317,0x51,0,0,-1,667.2,26.268,0,56956,5
318,0x51,0,0,-1,667.2,26.268,0,57136,5
319,0x51,0,1,443,645.3,25.405,-27,57317,5
320,0x51,0,1,461,617.6,24.316,-27,57496,5
321,0x51,0,1,493,594.1,23.391,-24,57675,5
322,0x51,0,1,447,574.2,22.605,-23,57854,5
323,0x51,0,0,-1,574.2,22.605,0,58032,5
324,0x51,0,1,449,555.4,21.866,-24,58213,5
325,0x51,0,1,442,539.1,21.226,-23,58392,5
326,0x51,0,1,439,524.6,20.652,-24,58571,5
327,0x51,0,1,445,512.2,20.165,-23,58750,5
328,0x51,0,1,448,502.1,19.768,-23,58929,5
329,0x51,0,0,-1,502.1,19.768,0,59107,5
330,0x51,0,0,-1,502.1,19.768,0,59287,5
331,0x51,0,0,-1,502.1,19.768,0,59467,5
332,0x51,0,1,599,494.0,19.448,-19,59648,5
333,0x51,0,1,516,497.3,19.578,-19,59827,5
334,0x51,0,1,518,500.4,19.701,-20,60006,5
335,0x51,0,0,-1,500.4,19.701,0,60184,5
336,0x51,0,0,-1,500.4,19.701,0,60364,5
337,0x51,0,2,469,502.7,19.793,-23,60545,5
338,0x51,0,1,460,497.7,19.594,-24,60724,5
339,0x51,0,2,490,493.4,19.424,-22,60903,5
340,0x51,0,2,448,488.4,19.227,-24,61082,5
341,0x51,0,1,513,488.6,19.237,-21,61261,5
342,0x51,0,0,-1,488.6,19.237,0,61439,5
343,0x51,0,1,518,492.3,19.381,-21,61620,5
344,0x51,0,1,448,495.4,19.503,-21,61799,5
345,0x51,0,0,-1,495.4,19.503,0,61977,5
346,0x51,0,0,-1,495.4,19.503,0,62157,5
347,0x51,0,0,-1,495.4,19.503,0,62337,5
348,0x51,0,1,445,488.3,19.223,-24,62518,5
349,0x51,0,2,462,482.2,18.986,-23,62697,4
350,0x51,0,3,466,479.2,18.866,-22,62876,4
351,0x51,0,0,-1,479.2,18.866,0,63054,4
352,0x51,0,0,-1,479.2,18.866,0,63234,4
353,0x51,0,1,594,477.2,18.788,-21,63415,4
354,0x51,0,0,-1,477.2,18.788,0,63593,4
355,0x51,0,1,447,475.5,18.722,-25,63774,4
356,0x51,0,1,451,471.9,18.577,-22,63953,4
357,0x51,0,0,-1,471.9,18.577,0,64131,4
358,0x51,0,1,453,468.7,18.454,-25,64312,4
359,0x51,0,1,455,466.4,18.361,-24,64491,4
360,0x51,0,0,-1,466.4,18.361,0,64669,4
361,0x51,0,0,-1,466.4,18.361,0,64849,4
362,0x51,0,0,-1,466.4,18.361,0,65029,4
363,0x51,0,1,526,464.7,18.294,-24,65210,4
364,0x51,0,1,485,467.7,18.414,-24,65389,4
365,0x51,0,0,-1,467.7,18.414,0,65567,4
366,0x51,0,0,-1,467.7,18.414,0,65747,4
367,0x51,0,1,450,470.3,18.516,-24,65928,4
368,0x51,0,0,-1,470.3,18.516,0,66106,4
369,0x51,0,1,443,467.3,18.396,-23,66287,4
370,0x51,0,1,437,463.6,18.253,-22,66466,4
371,0x51,0,2,441,460.2,18.119,-22,66645,4
372,0x51,0,1,443,457.3,18.006,-21,66824,4
373,0x51,0,1,445,455.2,17.921,-19,67003,4
374,0x51,0,2,444,453.5,17.855,-24,67182,4
375,0x51,0,1,450,452.2,17.805,-24,67361,4
376,0x51,0,2,448,451.6,17.78,-24,67540,4
377,0x51,0,1,511,451.4,17.77,-24,67719,4
378,0x51,0,0,-1,451.4,17.77,0,67897,4
379,0x51,0,1,449,451.0,17.756,-23,68078,4
380,0x51,0,2,444,450.7,17.744,-20,68257,4
381,0x51,0,1,440,449.7,17.705,-21,68436,4
382,0x51,0,1,543,448.8,17.671,-20,68615,4
383,0x51,0,1,444,448.1,17.642,-22,68794,4
384,0x51,0,1,440,447.5,17.618,-22,68973,4
385,0x51,0,2,442,446.7,17.586,-22,69152,4
386,0x51,0,1,449,446.0,17.558,-23,69331,4
387,0x51,0,1,446,446.0,17.558,-20,69510,4
388,0x51,0,0,-1,446.0,17.558,0,69688,4
389,0x51,0,1,452,446.4,17.576,-23,69869,4
390,0x51,0,0,-1,446.4,17.576,0,70047,4
391,0x51,0,1,562,447.3,17.609,-19,70228,4
392,0x51,0,1,450,448.0,17.637,-20,70407,4
393,0x51,0,1,466,450.7,17.743,-24,70586,4
394,0x51,0,0,-1,450.7,17.743,0,70764,4
395,0x51,0,0,-1,450.7,17.743,0,70944,4
396,0x51,0,1,437,450.6,17.739,-25,71125,4
397,0x51,0,2,451,450.6,17.742,-21,71304,4
398,0x51,0,1,607,450.7,17.744,-19,71483,4
399,0x51,0,1,465,452.8,17.828,-22,71662,4
400,0x51,0,1,448,454.7,17.9,-24,71841,4
401,0x51,0,1,457,455.0,17.914,-21,72020,4
402,0x51,0,0,-1,455.0,17.914,0,72198,4
403,0x51,0,1,479,455.3,17.926,-26,72379,4
404,0x51,0,1,998,458.9,18.066,-21,72558,4
405,0x51,0,1,428,461.9,18.184,-26,72737,4
406,0x51,0,1,971,538.3,21.191,-21,72916,5
407,0x51,0,1,484,530.1,20.871,-22,73095,5
408,0x51,0,0,-1,530.1,20.871,0,73273,5
409,0x51,0,1,480,523.2,20.598,-23,73454,5
410,0x51,0,1,450,516.7,20.343,-20,73633,5
411,0x51,0,1,487,511.2,20.126,-23,73812,5
412,0x51,0,1,446,502.0,19.765,-20,73991,5
413,0x51,0,1,442,493.6,19.434,-21,74170,5
414,0x51,0,1,431,485.9,19.129,-24,74349,5
415,0x51,0,1,478,479.3,18.87,-20,74528,4
416,0x51,0,2,472,478.2,18.827,-23,74707,4
417,0x51,0,2,449,477.3,18.79,-22,74886,4
418,0x51,0,3,491,476.5,18.759,-25,75065,4
419,0x51,0,1,1080,478.7,18.845,-20,75244,4
420,0x51,0,1,493,480.8,18.93,-22,75423,4
421,0x51,0,2,446,482.6,19.002,-21,75602,5
422,0x51,0,1,447,477.3,18.791,-24,75781,4
423,0x51,0,1,501,472.7,18.612,-19,75960,4
424,0x51,0,2,509,477.0,18.779,-21,76139,4
425,0x51,0,2,510,481.8,18.968,-20,76318,4
426,0x51,0,1,742,486.0,19.135,-18,76497,5
427,0x51,0,1,1137,524.4,20.646,-21,76676,5
428,0x51,0,0,-1,524.4,20.646,0,76854,5
429,0x51,0,1,642,557.1,21.931,-19,77035,5
430,0x51,0,1,506,569.8,22.433,-22,77214,5
431,0x51,0,2,515,561.6,22.109,-20,77393,5
432,0x51,0,2,508,553.5,21.793,-19,77572,5
433,0x51,0,2,450,546.7,21.524,-22,77751,5
434,0x51,0,1,1124,540.9,21.295,-17,77930,5
435,0x51,0,1,763,574.2,22.607,-19,78109,5
436,0x51,0,2,428,602.5,23.722,-26,78288,5
437,0x51,0,1,1148,626.6,24.669,-15,78467,5
438,0x51,0,0,-1,626.6,24.669,0,78645,5
439,0x51,0,0,-1,626.6,24.669,0,78825,5
440,0x51,0,1,431,597.3,23.514,-24,79006,5
441,0x51,0,1,428,572.3,22.532,-26,79185,5
442,0x51,0,1,1145,551.1,21.698,-20,79364,5
443,0x51,0,0,-1,551.1,21.698,0,79542,5
444,0x51,0,1,446,535.4,21.077,-27,79723,5
445,0x51,0,1,497,529.6,20.851,-21,79902,5
446,0x51,0,1,503,524.7,20.658,-21,80081,5
447,0x51,0,1,422,520.6,20.494,-28,80260,5
448,0x51,0,1,866,517.9,20.391,-22,80439,5
449,0x51,0,1,509,516.6,20.338,-18,80618,5
450,0x51,0,0,-1,516.6,20.338,0,80796,5
451,0x51,0,0,-1,516.6,20.338,0,80976,5
452,0x51,0,2,514,516.2,20.323,-20,81157,5
453,0x51,0,3,452,515.1,20.28,-21,81336,5
454,0x51,0,1,580,514.9,20.274,-19,81515,5
455,0x51,0,1,490,511.2,20.126,-19,81694,5
456,0x51,0,1,453,508.0,20.001,-25,81873,5
457,0x51,0,1,517,505.3,19.895,-20,82052,5
458,0x51,0,0,-1,505.3,19.895,0,82230,5
459,0x51,0,1,471,500.2,19.692,-24,82411,5
460,0x51,0,1,480,497.1,19.573,-21,82590,5
461,0x51,0,1,484,494.6,19.471,-21,82769,5
462,0x51,0,1,566,493.0,19.409,-21,82948,5
463,0x51,0,1,458,491.6,19.356,-21,83127,5
464,0x51,0,1,471,488.5,19.234,-18,83306,5
465,0x51,0,2,465,485.0,19.095,-21,83485,5
466,0x51,0,1,468,482.5,18.995,-20,83664,4
467,0x51,0,0,-1,482.5,18.995,0,83842,4
468,0x51,0,1,445,479.8,18.891,-24,84023,4
469,0x51,0,1,455,476.1,18.745,-22,84202,4
470,0x51,0,1,453,472.6,18.608,-23,84381,4
471,0x51,0,2,455,470.0,18.504,-19,84560,4
472,0x51,0,1,427,467.5,18.404,-25,84739,4
473,0x51,0,0,-1,467.5,18.404,0,84917,4
474,0x51,0,1,532,465.6,18.33,-22,85098,4
475,0x51,0,0,-1,465.6,18.33,0,85276,4
476,0x51,0,0,-1,465.6,18.33,0,85456,4
477,0x51,0,0,-1,465.6,18.33,0,85636,4
478,0x51,0,1,511,472.4,18.598,-20,85817,4
479,0x51,0,0,-1,472.4,18.598,0,85995,4
480,0x51,0,0,-1,472.4,18.598,0,86175,4
481,0x51,0,1,467,478.2,18.826,-21,86356,4
482,0x51,0,1,503,481.9,18.973,-22,86535,4
483,0x51,0,1,455,479.7,18.885,-24,86714,4
484,0x51,0,1,450,476.0,18.739,-22,86893,4
485,0x51,0,0,-1,476.0,18.739,0,87071,4
486,0x51,0,1,514,472.8,18.615,-22,87252,4
487,0x51,0,1,1179,479.0,18.858,-22,87431,4
488,0x51,0,1,502,484.3,19.065,-19,87610,5
489,0x51,0,1,495,486.9,19.17,-21,87789,5
490,0x51,0,0,-1,486.9,19.17,0,87967,5
491,0x51,0,3,436,488.1,19.218,-23,88148,5
492,0x51,0,1,490,488.4,19.229,-20,88327,5
493,0x51,0,1,494,488.6,19.238,-21,88506,5
494,0x51,0,0,-1,488.6,19.238,0,88684,5
495,0x51,0,0,-1,488.6,19.238,0,88864,5
496,0x51,0,1,440,488.8,19.246,-24,89045,5
497,0x51,0,1,437,481.5,18.958,-26,89224,4
498,0x51,0,1,1122,475.3,18.712,-22,89403,4
499,0x51,0,2,491,477.6,18.805,-23,89582,4
500,0x51,0,0,-1,477.6,18.805,0,89760,4
501,0x51,0,0,-1,477.6,18.805,0,89940,4
502,0x51,0,0,-1,477.6,18.805,0,90120,4
503,0x51,0,1,481,479.7,18.884,-23,90301,4
504,0x51,0,0,-1,479.7,18.884,0,90479,4
505,0x51,0,1,480,479.9,18.892,-21,90660,4
506,0x51,0,1,453,479.9,18.893,-19,90839,4
507,0x51,0,2,454,476.0,18.74,-20,91018,4
508,0x51,0,2,471,472.7,18.61,-21,91197,4
509,0x51,0,2,455,470.0,18.506,-19,91376,4
510,0x51,0,2,453,467.8,18.417,-19,91555,4
511,0x51,0,1,452,465.6,18.329,-18,91734,4
512,0x51,0,1,450,463.5,18.249,-19,91913,4
513,0x51,0,1,455,461.8,18.181,-19,92092,4
514,0x51,0,1,472,460.8,18.141,-19,92271,4
515,0x51,0,1,468,461.9,18.184,-19,92450,4
516,0x51,0,3,453,462.8,18.22,-18,92629,4
517,0x51,0,1,454,461.5,18.168,-19,92808,4
518,0x51,0,2,454,460.3,18.124,-21,92987,4
519,0x51,0,1,442,459.4,18.086,-24,93166,4
520,0x51,0,2,449,457.8,18.025,-24,93345,4
521,0x51,0,2,452,456.5,17.973,-24,93524,4
522,0x51,0,1,451,455.7,17.94,-23,93703,4
523,0x51,0,1,434,455.0,17.913,-26,93882,4
524,0x51,0,1,445,453.5,17.854,-25,94061,4
525,0x51,0,1,461,452.2,17.804,-20,94240,4
526,0x51,0,1,464,453.5,17.856,-20,94419,4
527,0x51,0,1,463,455.0,17.911,-20,94598,4
528,0x51,0,1,450,456.2,17.959,-25,94777,4
529,0x51,0,0,-1,456.2,17.959,0,94955,4
530,0x51,0,1,449,455.2,17.923,-22,95136,4
531,0x51,0,2,445,454.3,17.886,-23,95315,4
532,0x51,0,2,450,453.5,17.854,-19,95494,4
533,0x51,0,0,-1,453.5,17.854,0,95672,4
534,0x51,0,1,461,453.0,17.834,-20,95853,4
535,0x51,0,1,412,452.5,17.816,-26,96032,4
536,0x51,0,1,1059,453.8,17.866,-20,96211,4
537,0x51,0,0,-1,453.8,17.866,0,96389,4
538,0x51,0,0,-1,453.8,17.866,0,96569,4
539,0x51,0,0,-1,453.8,17.866,0,96749,4
540,0x51,0,1,1066,544.6,21.44,-21,96930,5
541,0x51,0,1,450,621.7,24.478,-22,97109,5
542,0x51,0,2,454,596.6,23.488,-22,97288,5
543,0x51,0,1,450,574.6,22.622,-21,97467,5
544,0x51,0,0,-1,574.6,22.622,0,97645,5
545,0x51,0,1,426,555.9,21.886,-26,97826,5
546,0x51,0,1,452,540.0,21.261,-22,98005,5
547,0x51,0,2,458,526.8,20.741,-20,98184,5
548,0x51,0,2,454,515.9,20.311,-20,98363,5
549,0x51,0,1,458,507.2,19.969,-22,98542,5
550,0x51,0,2,448,499.2,19.655,-23,98721,5
551,0x51,0,1,447,491.5,19.352,-22,98900,5
552,0x51,0,0,-1,491.5,19.352,0,99078,5
553,0x51,0,1,442,484.9,19.089,-23,99259,5
554,0x51,0,1,452,479.2,18.865,-20,99438,4
555,0x51,0,1,1178,475.1,18.705,-21,99617,4
556,0x51,0,1,459,472.7,18.61,-25,99796,4
557,0x51,0,0,-1,472.7,18.61,0,99974,4
558,0x51,0,1,507,477.8,18.812,-20,100155,4
559,0x51,0,2,459,475.0,18.701,-24,100334,4
560,0x51,0,0,-1,475.0,18.701,0,100512,4
561,0x51,0,1,457,472.6,18.607,-19,100693,4
562,0x51,0,1,463,470.6,18.526,-23,100872,4
563,0x51,0,1,459,468.8,18.458,-20,101051,4
564,0x51,0,2,450,467.4,18.4,-24,101230,4
565,0x51,0,2,450,464.8,18.297,-22,101409,4
566,0x51,0,2,475,462.5,18.21,-22,101588,4
567,0x51,0,1,451,460.8,18.142,-24,101767,4
568,0x51,0,1,480,462.9,18.226,-20,101946,4
569,0x51,0,1,473,464.4,18.285,-23,102125,4
570,0x51,0,0,-1,464.4,18.285,0,102303,4
571,0x51,0,2,470,465.7,18.336,-21,102484,4
572,0x51,0,1,586,466.8,18.379,-20,102663,4
573,0x51,0,1,468,467.3,18.398,-26,102842,4
574,0x51,0,1,491,470.9,18.538,-20,103021,4
575,0x51,0,2,461,470.4,18.521,-23,103200,4
576,0x51,0,2,533,473.5,18.642,-18,103379,4
577,0x51,0,1,435,471.6,18.568,-25,103558,4
578,0x51,0,1,454,469.0,18.464,-21,103737,4
579,0x51,0,0,-1,469.0,18.464,0,103915,4
580,0x51,0,0,-1,469.0,18.464,0,104095,4
581,0x51,0,2,453,466.6,18.37,-20,104276,4
582,0x51,0,1,447,464.6,18.289,-22,104455,4
583,0x51,0,1,1286,462.8,18.221,-19,104634,4
584,0x51,0,1,445,460.4,18.128,-19,104813,4
585,0x51,0,1,449,458.7,18.06,-22,104992,4
586,0x51,0,1,450,457.3,18.003,-23,105171,4
587,0x51,0,2,459,456.2,17.96,-21,105350,4
588,0x51,0,1,459,456.6,17.976,-21,105529,4
589,0x51,0,1,488,457.0,17.991,-21,105708,4
590,0x51,0,1,456,457.3,18.003,-23,105887,4
591,0x51,0,0,-1,457.3,18.003,0,106065,4
592,0x51,0,1,540,461.9,18.184,-20,106246,4
593,0x51,0,1,450,461.0,18.149,-22,106425,4
594,0x51,0,1,439,459.3,18.085,-22,106604,4
595,0x51,0,1,1323,457.9,18.029,-21,106783,4
596,0x51,0,1,451,456.9,17.988,-21,106962,4
597,0x51,0,1,495,462.6,18.213,-20,107141,4
598,0x51,0,1,515,467.5,18.405,-19,107320,4
599,0x51,0,3,467,471.6,18.567,-25,107499,4
600,0x51,0,2,455,470.9,18.54,-25,107678,4
601,0x51,0,1,498,470.3,18.517,-19,107857,4
602,0x51,0,0,-1,470.3,18.517,0,108035,4
603,0x51,0,0,-1,470.3,18.517,0,108215,4
604,0x51,0,2,499,474.5,18.68,-19,108396,4
605,0x51,0,2,512,478.2,18.825,-20,108575,4
606,0x51,0,1,610,483.2,19.025,-19,108754,5
607,0x51,0,2,467,487.5,19.195,-24,108933,5
608,0x51,0,1,483,486.9,19.168,-23,109112,5
609,0x51,0,0,-1,486.9,19.168,0,109290,5
610,0x51,0,1,512,486.3,19.145,-21,109471,5
611,0x51,0,1,494,487.4,19.191,-20,109650,5
612,0x51,0,1,793,491.1,19.336,-25,109829,5
613,0x51,0,1,452,491.6,19.353,-24,110008,5
614,0x51,0,1,620,510.8,20.111,-20,110187,5
615,0x51,0,0,-1,510.8,20.111,0,110365,5
616,0x51,0,1,449,502.0,19.764,-20,110546,5
617,0x51,0,2,448,494.1,19.451,-24,110725,5
618,0x51,0,1,470,487.3,19.185,-21,110904,5
619,0x51,0,1,506,484.7,19.083,-14,111083,5
620,0x51,0,1,502,487.3,19.185,-16,111262,5
621,0x51,0,1,486,489.5,19.272,-19,111441,5
622,0x51,0,1,469,489.0,19.251,-23,111620,5
623,0x51,0,2,463,486.0,19.133,-21,111799,5
624,0x51,0,2,449,482.5,18.997,-23,111978,4
625,0x51,0,1,598,479.6,18.882,-19,112157,4
626,0x51,0,1,467,477.7,18.808,-23,112336,4
627,0x51,0,0,-1,477.7,18.808,0,112514,4
628,0x51,0,1,562,490.4,19.305,-23,112695,5
629,0x51,0,1,761,501.1,19.728,-15,112874,5
630,0x51,0,2,787,540.1,21.263,-17,113053,5
631,0x51,0,1,840,577.1,22.721,-22,113232,5
632,0x51,0,1,1198,616.6,24.274,-12,113411,5
633,0x51,0,0,-1,616.6,24.274,0,113589,5
634,0x51,0,0,-1,616.6,24.274,0,113769,5
635,0x51,0,0,-1,616.6,24.274,0,113949,5
636,0x51,0,0,-1,616.6,24.274,0,114129,5
637,0x51,0,0,-1,616.6,24.274,0,114309,5
638,0x51,0,0,-1,616.6,24.274,0,114489,5
639,0x51,0,0,-1,616.6,24.274,0,114669,5
640,0x51,0,0,-1,616.6,24.274,0,114849,5
641,0x51,0,0,-1,616.6,24.274,0,115029,5
642,0x51,0,0,-1,616.6,24.274,0,115209,5
643,0x51,0,0,-1,616.6,24.274,0,115389,5
644,0x51,0,0,-1,616.6,24.274,0,115569,5
645,0x51,0,0,-1,616.6,24.274,0,115749,5
646,0x51,0,0,-1,616.6,24.274,0,115929,5
647,0x51,0,0,-1,616.6,24.274,0,116109,5
648,0x51,0,0,-1,616.6,24.274,0,116289,5
649,0x51,0,1,1305,703.8,27.708,-20,116470,5
650,0x51,0,1,1246,785.1,30.91,-24,116649,5
651,0x51,0,0,-1,785.1,30.91,0,116827,5
652,0x51,0,0,-1,785.1,30.91,0,117007,5
653,0x51,0,0,-1,785.1,30.91,0,117187,5
654,0x51,0,0,-1,785.1,30.91,0,117367,5
655,0x51,0,1,1372,863.1,33.98,-18,117548,5
656,0x51,0,0,-1,863.1,33.98,0,117726,5
657,0x51,0,0,-1,863.1,33.98,0,117906,5
658,0x51,0,1,1185,920.5,36.241,-23,118087,5
659,0x51,0,0,-1,920.5,36.241,0,118265,5
660,0x51,0,0,-1,920.5,36.241,0,118445,5
661,0x51,0,1,1311,979.1,38.547,-17,118626,5
662,0x51,0,0,-1,979.1,38.547,0,118804,5
663,0x51,0,1,1312,1028.9,40.507,-21,118985,5
664,0x51,0,0,-1,1028.9,40.507,0,119163,5
665,0x51,0,1,1338,1071.4,42.179,-20,119344,5
666,0x51,0,0,-1,1071.4,42.179,0,119522,5
667,0x51,0,0,-1,1071.4,42.179,0,119702,5
668,0x51,0,0,-1,1071.4,42.179,0,119882,5
669,0x51,0,0,-1,1071.4,42.179,0,120062,5
670,0x51,0,1,1241,1107.4,43.6,-19,120243,5
671,0x51,0,0,-1,1107.4,43.6,0,120421,5
672,0x51,0,1,1235,1127.5,44.389,-21,120602,5
673,0x51,0,0,-1,1127.5,44.389,0,120780,5
674,0x51,0,0,-1,1127.5,44.389,0,120960,5
675,0x51,0,1,1209,1143.6,45.024,-19,121141,5
676,0x51,0,1,1217,1154.6,45.457,-20,121320,5
677,0x51,0,0,-1,1154.6,45.457,0,121498,5
678,0x51,0,0,-1,1154.6,45.457,0,121678,5
679,0x51,0,1,1333,1164.0,45.826,-19,121859,5
680,0x51,0,0,-1,1164.0,45.826,0,122037,5
681,0x51,0,1,1137,1171.9,46.139,-24,122218,5
682,0x51,0,0,-1,1171.9,46.139,0,122396,5
683,0x51,0,1,1241,1182.3,46.547,-22,122577,5
684,0x51,0,0,-1,1182.3,46.547,0,122755,5
685,0x51,0,0,-1,1182.3,46.547,0,122935,5
686,0x51,0,0,-1,1182.3,46.547,0,123115,5
687,0x51,0,0,-1,1182.3,46.547,0,123295,5
688,0x51,0,0,-1,1182.3,46.547,0,123475,5
689,0x51,0,0,-1,1182.3,46.547,0,123655,5
690,0x51,0,0,-1,1182.3,46.547,0,123835,5
691,0x51,0,0,-1,1182.3,46.547,0,124015,5
692,0x51,0,0,-1,1182.3,46.547,0,124195,5
693,0x51,0,0,-1,1182.3,46.547,0,124375,5
694,0x51,0,0,-1,1182.3,46.547,0,124555,5
695,0x51,0,0,-1,1182.3,46.547,0,124735,5
696,0x51,0,0,-1,1182.3,46.547,0,124915,5
697,0x51,0,0,-1,1182.3,46.547,0,125095,5
