frame id,address,retcode,numDistances,raw_mm,medianEMA_mm,medianEMA_in,p0 str,time now,LED status
0,0x51,0,0,-1,-1.0,-1.0,0,105,1
1,0x51,0,0,-1,-1.0,-1.0,0,285,1
2,0x51,0,0,-1,-1.0,-1.0,0,465,1
3,0x51,0,0,-1,-1.0,-1.0,0,645,1
4,0x51,0,0,-1,-1.0,-1.0,0,825,1
5,0x51,0,0,-1,-1.0,-1.0,0,1005,1
6,0x51,0,0,-1,-1.0,-1.0,0,1185,1
7,0x51,0,0,-1,-1.0,-1.0,0,1365,1
8,0x51,0,0,-1,-1.0,-1.0,0,1545,1
9,0x51,0,0,-1,-1.0,-1.0,0,1725,1
10,0x51,0,0,-1,-1.0,-1.0,0,1905,1
11,0x51,0,0,-1,-1.0,-1.0,0,2085,1
12,0x51,0,0,-1,-1.0,-1.0,0,2265,1
13,0x51,0,0,-1,-1.0,-1.0,0,2445,1
14,0x51,0,0,-1,-1.0,-1.0,0,2625,1
15,0x51,0,0,-1,-1.0,-1.0,0,2805,1
16,0x51,0,0,-1,-1.0,-1.0,0,2985,1
17,0x51,0,0,-1,-1.0,-1.0,0,3165,1
18,0x51,0,0,-1,-1.0,-1.0,0,3345,1
19,0x51,0,0,-1,-1.0,-1.0,0,3525,1
20,0x51,0,0,-1,-1.0,-1.0,0,3705,1
21,0x51,0,0,-1,-1.0,-1.0,0,3885,1
22,0x51,0,0,-1,-1.0,-1.0,0,4065,1
23,0x51,0,0,-1,-1.0,-1.0,0,4245,1
24,0x51,0,0,-1,-1.0,-1.0,0,4425,1
25,0x51,0,0,-1,-1.0,-1.0,0,4605,1
26,0x51,0,0,-1,-1.0,-1.0,0,4785,1
27,0x51,0,0,-1,-1.0,-1.0,0,4965,1
28,0x51,0,0,-1,-1.0,-1.0,0,5145,1
29,0x51,0,0,-1,-1.0,-1.0,0,5325,1
30,0x51,0,0,-1,-1.0,-1.0,0,5505,1
31,0x51,0,0,-1,-1.0,-1.0,0,5685,1
32,0x51,0,0,-1,-1.0,-1.0,0,5865,1
33,0x51,0,0,-1,-1.0,-1.0,0,6045,1
34,0x51,0,0,-1,-1.0,-1.0,0,6225,1
35,0x51,0,0,-1,-1.0,-1.0,0,6405,1
36,0x51,0,0,-1,-1.0,-1.0,0,6585,1
37,0x51,0,0,-1,-1.0,-1.0,0,6765,1
38,0x51,0,0,-1,-1.0,-1.0,0,6945,1
39,0x51,0,0,-1,-1.0,-1.0,0,7125,1
40,0x51,0,0,-1,-1.0,-1.0,0,7305,1
41,0x51,0,0,-1,-1.0,-1.0,0,7485,1
42,0x51,0,0,-1,-1.0,-1.0,0,7665,1
43,0x51,0,0,-1,-1.0,-1.0,0,7845,1
44,0x51,0,0,-1,-1.0,-1.0,0,8025,1
45,0x51,0,0,-1,-1.0,-1.0,0,8205,1
46,0x51,0,0,-1,-1.0,-1.0,0,8385,1
47,0x51,0,0,-1,-1.0,-1.0,0,8565,1
48,0x51,0,0,-1,-1.0,-1.0,0,8745,1
49,0x51,0,0,-1,-1.0,-1.0,0,8925,1
50,0x51,0,0,-1,-1.0,-1.0,0,9105,1
51,0x51,0,0,-1,-1.0,-1.0,0,9285,1
52,0x51,0,1,1058,1058.0,41.654,-24,9466,5
53,0x51,0,1,1001,1001.0,39.409,-24,9645,5
54,0x51,0,1,937,937.0,36.89,-25,9824,5
55,0x51,0,0,-1,937.0,36.89,0,10002,5
56,0x51,0,0,-1,937.0,36.89,0,10182,5
57,0x51,0,0,-1,937.0,36.89,0,10362,5
58,0x51,0,0,-1,937.0,36.89,0,10542,5
59,0x51,0,1,1015,946.6,37.268,-24,10723,5
60,0x51,0,0,-1,946.6,37.268,0,10901,5
61,0x51,0,0,-1,946.6,37.268,0,11081,5
62,0x51,0,0,-1,946.6,37.268,0,11261,5
63,0x51,0,1,903,945.2,37.211,-23,11442,5
64,0x51,0,0,-1,945.2,37.211,0,11620,5
65,0x51,0,0,-1,945.2,37.211,0,11800,5
66,0x51,0,0,-1,945.2,37.211,0,11980,5
67,0x51,0,0,-1,945.2,37.211,0,12160,5
68,0x51,0,0,-1,945.2,37.211,0,12340,5
69,0x51,0,0,-1,945.2,37.211,0,12520,5
70,0x51,0,0,-1,945.2,37.211,0,12700,5
71,0x51,0,0,-1,945.2,37.211,0,12880,5
72,0x51,0,0,-1,945.2,37.211,0,13060,5
73,0x51,0,0,-1,945.2,37.211,0,13240,5
74,0x51,0,0,-1,945.2,37.211,0,13420,5
75,0x51,0,1,971,949.0,37.364,-13,13601,5
76,0x51,0,1,1041,952.3,37.493,-7,13780,5
77,0x51,0,2,878,955.1,37.604,-13,13959,5
78,0x51,0,1,968,957.1,37.68,-5,14138,5
79,0x51,0,2,278,945.2,37.213,-34,14317,5
80,0x51,0,2,900,938.4,36.946,-18,14496,5
81,0x51,0,2,1042,932.7,36.719,-12,14675,5
82,0x51,0,1,1126,949.1,37.365,-5,14854,5
83,0x51,0,1,1092,970.5,38.209,-4,15033,5
84,0x51,0,1,889,988.7,38.926,-19,15212,5
85,0x51,0,1,942,981.7,38.65,-6,15391,5
86,0x51,0,2,304,967.8,38.103,-32,15570,5
87,0x51,0,1,1094,963.9,37.95,-5,15749,5
88,0x51,0,2,1069,979.7,38.571,-6,15928,5
89,0x51,0,1,1034,993.1,39.098,-8,16107,5
90,0x51,0,1,1224,1004.5,39.546,-10,16286,5
91,0x51,0,2,345,1008.9,39.721,-31,16465,5
92,0x51,0,3,1095,1021.8,40.229,-13,16644,5
93,0x51,0,1,925,1007.3,39.657,-12,16823,5
94,0x51,0,2,919,995.0,39.171,-11,17002,5
95,0x51,0,1,1137,984.5,38.758,-7,17181,5
96,0x51,0,1,1162,1007.3,39.659,-11,17360,5
97,0x51,0,1,973,1026.8,40.425,-7,17539,5
98,0x51,0,1,964,1018.7,40.107,-8,17718,5
99,0x51,0,2,915,1010.5,39.784,-16,17897,5
100,0x51,0,1,985,1003.5,39.509,-14,18076,5
101,0x51,0,1,978,999.7,39.359,-7,18255,5
102,0x51,0,2,938,996.5,39.23,-12,18434,5
103,0x51,0,1,1109,993.7,39.121,-8,18613,5
104,0x51,0,1,1070,1005.1,39.572,-7,18792,5
105,0x51,0,2,926,1014.9,39.955,-18,18971,5
106,0x51,0,1,981,1009.8,39.755,-8,19150,5
107,0x51,0,3,298,997.2,39.26,-34,19329,5
108,0x51,0,1,978,994.3,39.147,-10,19508,5
109,0x51,0,2,1031,991.9,39.05,-15,19687,5
110,0x51,0,1,1009,994.5,39.152,-9,19866,5
111,0x51,0,1,997,996.6,39.238,-6,20045,5
112,0x51,0,1,995,996.7,39.24,-6,20224,5
113,0x51,0,1,1011,996.7,39.242,-6,20403,5
114,0x51,0,1,1047,998.9,39.326,-3,20582,5
115,0x51,0,1,1007,1000.7,39.397,-7,20761,5
116,0x51,0,2,300,1001.6,39.435,-33,20940,5
117,0x51,0,1,1096,1002.4,39.466,-14,21119,5
118,0x51,0,1,948,994.3,39.145,-8,21298,5
119,0x51,0,1,943,987.3,38.871,-14,21477,5
120,0x51,0,1,926,980.7,38.61,-9,21656,5
121,0x51,0,1,844,972.5,38.287,-10,21835,5
122,0x51,0,1,807,953.2,37.528,-15,22014,5
123,0x51,0,1,883,936.8,36.883,-8,22193,5
124,0x51,0,1,931,928.8,36.565,-8,22372,5
125,0x51,0,2,971,929.1,36.578,-14,22551,5
126,0x51,0,2,876,929.4,36.59,-11,22730,5
127,0x51,0,1,862,921.4,36.274,-7,22909,5
128,0x51,0,1,935,914.6,36.007,-4,23088,5
129,0x51,0,2,846,906.7,35.696,-16,23267,5
130,0x51,0,1,775,897.6,35.338,-13,23446,5
131,0x51,0,2,753,879.2,34.614,-12,23625,5
132,0x51,0,1,798,863.6,33.999,-13,23804,5
133,0x51,0,1,887,853.7,33.611,-20,23983,5
134,0x51,0,1,712,845.4,33.282,-15,24162,5
135,0x51,0,1,1322,851.6,33.528,-15,24341,5
136,0x51,0,1,804,844.5,33.247,-17,24520,5
137,0x51,0,2,584,838.4,33.008,-17,24699,5
138,0x51,0,2,684,815.2,32.096,-13,24878,5
139,0x51,0,1,546,780.6,30.731,-14,25057,5
140,0x51,0,2,533,745.4,29.345,-14,25236,5
141,0x51,0,0,-1,745.4,29.345,0,25414,5
142,0x51,0,0,-1,745.4,29.345,0,25594,5
143,0x51,0,1,628,715.5,28.168,-19,25775,5
144,0x51,0,1,632,702.3,27.651,-18,25954,5
145,0x51,0,2,487,691.2,27.212,-21,26133,5
146,0x51,0,1,531,667.2,26.266,-18,26312,5
147,0x51,0,1,586,646.7,25.462,-18,26491,5
148,0x51,0,1,449,629.4,24.779,-19,26670,5
149,0x51,0,3,446,602.3,23.713,-22,26849,5
150,0x51,0,2,451,579.3,22.808,-17,27028,5
151,0x51,0,2,449,559.8,22.038,-24,27207,5
152,0x51,0,1,500,543.5,21.396,-16,27386,5
153,0x51,0,1,457,530.5,20.885,-18,27565,5
154,0x51,0,2,448,519.5,20.451,-19,27744,5
155,0x51,0,2,451,509.2,20.047,-18,27923,5
156,0x51,0,1,464,500.5,19.703,-18,28102,5
157,0x51,0,1,486,495.0,19.488,-22,28281,5
158,0x51,0,1,473,491.7,19.358,-22,28460,5
159,0x51,0,1,470,488.9,19.248,-20,28639,5
160,0x51,0,1,472,486.4,19.148,-18,28818,5
161,0x51,0,1,477,484.2,19.063,-17,28997,5
162,0x51,0,1,480,483.1,19.021,-20,29176,5
163,0x51,0,1,447,482.2,18.984,-22,29355,4
164,0x51,0,1,490,481.9,18.971,-21,29534,4
165,0x51,0,1,485,482.3,18.99,-16,29713,4
166,0x51,0,1,465,482.7,19.006,-17,29892,5
167,0x51,0,1,458,480.1,18.901,-19,30071,4
168,0x51,0,1,502,477.8,18.812,-18,30250,4
169,0x51,0,2,454,474.8,18.695,-21,30429,4
170,0x51,0,2,454,471.7,18.572,-23,30608,4
171,0x51,0,1,499,469.1,18.467,-23,30787,4
172,0x51,0,1,461,467.9,18.419,-22,30966,4
173,0x51,0,1,475,468.9,18.462,-21,31145,4
174,0x51,0,1,457,467.7,18.415,-21,31324,4
175,0x51,0,2,466,467.5,18.405,-24,31503,4
176,0x51,0,2,493,467.3,18.396,-24,31682,4
177,0x51,0,1,530,471.1,18.548,-15,31861,4
178,0x51,0,1,505,476.2,18.748,-17,32040,4
179,0x51,0,1,530,484.3,19.066,-15,32219,5
180,0x51,0,1,550,491.1,19.336,-19,32398,5
181,0x51,0,2,471,497.0,19.565,-21,32577,5
182,0x51,0,1,491,496.1,19.53,-16,32756,5
183,0x51,0,1,512,495.3,19.5,-19,32935,5
184,0x51,0,2,495,495.3,19.498,-18,33114,5
185,0x51,0,1,557,497.8,19.597,-16,33293,5
186,0x51,0,1,514,500.2,19.693,-18,33472,5
187,0x51,0,0,-1,500.2,19.693,0,33650,5
188,0x51,0,0,-1,500.2,19.693,0,33830,5
189,0x51,0,0,-1,500.2,19.693,0,34010,5
190,0x51,0,1,531,504.8,19.875,-17,34191,5
191,0x51,0,0,-1,504.8,19.875,0,34369,5
192,0x51,0,2,470,506.2,19.929,-21,34550,5
193,0x51,0,1,493,504.2,19.851,-16,34729,5
194,0x51,0,1,552,502.5,19.785,-16,34908,5
195,0x51,0,1,548,509.4,20.053,-14,35087,5
196,0x51,0,1,517,515.2,20.282,-17,35266,5
197,0x51,0,1,532,517.7,20.381,-16,35445,5
198,0x51,0,1,540,519.8,20.466,-14,35624,5
199,0x51,0,1,556,522.9,20.585,-21,35803,5
200,0x51,0,0,-1,522.9,20.585,0,35981,5
201,0x51,0,1,536,525.4,20.686,-16,36162,5
202,0x51,0,1,1395,530.0,20.867,-21,36341,5
203,0x51,0,2,536,530.9,20.902,-14,36520,5
204,0x51,0,1,591,539.9,21.257,-20,36699,5
205,0x51,0,1,539,539.8,21.251,-17,36878,5
206,0x51,0,2,544,540.4,21.276,-16,37057,5
207,0x51,0,1,534,540.2,21.268,-18,37236,5
208,0x51,0,1,522,539.3,21.231,-19,37415,5
209,0x51,0,2,484,536.7,21.129,-25,37594,5
210,0x51,0,1,517,533.7,21.013,-20,37773,5
211,0x51,0,1,470,526.3,20.719,-20,37952,5
212,0x51,0,1,550,524.9,20.665,-18,38131,5
213,0x51,0,2,493,520.1,20.476,-20,38310,5
214,0x51,0,1,528,521.3,20.523,-15,38489,5
215,0x51,0,1,534,522.3,20.563,-14,38668,5
216,0x51,0,2,493,523.1,20.596,-20,38847,5
217,0x51,0,1,490,518.6,20.418,-18,39026,5
218,0x51,0,1,540,514.8,20.267,-18,39205,5
219,0x51,0,2,521,515.7,20.304,-19,39384,5
220,0x51,0,1,533,518.3,20.406,-13,39563,5
221,0x51,0,1,533,520.5,20.493,-17,39742,5
222,0x51,0,0,-1,520.5,20.493,0,39920,5
223,0x51,0,1,536,522.4,20.566,-18,40101,5
224,0x51,0,1,518,524.0,20.629,-18,40280,5
225,0x51,0,0,-1,524.0,20.629,0,40458,5
226,0x51,0,0,-1,524.0,20.629,0,40638,5
227,0x51,0,2,479,523.1,20.594,-22,40819,5
228,0x51,0,1,504,520.2,20.481,-16,40998,5
229,0x51,0,2,452,514.0,20.238,-21,41177,5
230,0x51,0,1,526,512.5,20.178,-18,41356,5
231,0x51,0,1,487,508.7,20.028,-20,41535,5
232,0x51,0,2,499,507.2,19.97,-17,41714,5
233,0x51,0,1,513,506.0,19.922,-16,41893,5
234,0x51,0,1,519,507.1,19.963,-15,42072,5
235,0x51,0,2,461,507.9,19.998,-23,42251,5
236,0x51,0,1,565,509.6,20.063,-14,42430,5
237,0x51,0,0,-1,509.6,20.063,0,42608,5
238,0x51,0,1,514,510.3,20.089,-20,42789,5
239,0x51,0,1,523,512.2,20.164,-21,42968,5
240,0x51,0,1,529,513.8,20.228,-20,43147,5
241,0x51,0,0,-1,513.8,20.228,0,43325,5
242,0x51,0,1,501,515.2,20.283,-19,43506,5
243,0x51,0,1,498,513.1,20.199,-20,43685,5
244,0x51,0,1,514,511.2,20.128,-18,43864,5
245,0x51,0,1,511,511.2,20.126,-17,44043,5
246,0x51,0,1,514,511.6,20.143,-18,44222,5
247,0x51,0,1,611,512.0,20.157,-20,44401,5
248,0x51,0,1,568,520.4,20.488,-22,44580,5
249,0x51,0,2,533,527.5,20.769,-17,44759,5
250,0x51,0,2,501,528.3,20.801,-21,44938,5
251,0x51,0,0,-1,528.3,20.801,0,45116,5
252,0x51,0,2,486,524.2,20.64,-20,45297,5
253,0x51,0,1,484,518.5,20.414,-19,45476,5
254,0x51,0,1,479,513.3,20.21,-21,45655,5
255,0x51,0,1,482,508.6,20.025,-21,45834,5
256,0x51,0,1,514,504.6,19.868,-22,46013,5
257,0x51,0,1,511,505.6,19.905,-21,46192,5
258,0x51,0,2,553,506.9,19.955,-19,46371,5
259,0x51,0,1,542,512.1,20.162,-18,46550,5
260,0x51,0,1,523,516.6,20.339,-16,46729,5
261,0x51,0,1,533,519.1,20.436,-19,46908,5
262,0x51,0,2,472,519.7,20.459,-25,47087,5
263,0x51,0,2,518,519.4,20.449,-15,47266,5
264,0x51,0,2,470,512.3,20.169,-22,47445,5
265,0x51,0,2,468,506.0,19.919,-22,47624,5
266,0x51,0,1,501,500.6,19.707,-20,47803,5
267,0x51,0,1,525,500.6,19.71,-21,47982,5
268,0x51,0,1,589,504.3,19.854,-20,48161,5
269,0x51,0,1,550,511.1,20.124,-18,48340,5
270,0x51,0,1,550,517.0,20.353,-17,48519,5
271,0x51,0,0,-1,517.0,20.353,0,48697,5
272,0x51,0,1,520,521.9,20.548,-16,48878,5
273,0x51,0,1,513,521.6,20.537,-19,49057,5
274,0x51,0,1,490,520.3,20.486,-16,49236,5
275,0x51,0,1,481,515.8,20.307,-19,49415,5
276,0x51,0,1,504,511.9,20.154,-19,49594,5
277,0x51,0,1,496,509.5,20.06,-17,49773,5
278,0x51,0,1,486,507.5,19.98,-16,49952,5
279,0x51,0,0,-1,507.5,19.98,0,50130,5
280,0x51,0,0,-1,507.5,19.98,0,50310,5
281,0x51,0,1,511,505.8,19.912,-19,50491,5
282,0x51,0,1,504,505.5,19.902,-16,50670,5
283,0x51,0,1,508,505.9,19.917,-19,50849,5
284,0x51,0,1,506,505.9,19.917,-18,51028,5
285,0x51,0,1,488,505.9,19.918,-19,51207,5
286,0x51,0,1,495,504.3,19.853,-17,51386,5
287,0x51,0,1,507,502.9,19.799,-15,51565,5
288,0x51,0,1,504,503.1,19.805,-16,51744,5
289,0x51,0,1,507,503.6,19.829,-18,51923,5
290,0x51,0,2,471,503.7,19.831,-19,52102,5
291,0x51,0,3,458,498.8,19.638,-22,52281,5
292,0x51,0,1,513,494.6,19.473,-14,52460,5
293,0x51,0,1,510,496.9,19.564,-15,52639,5
294,0x51,0,1,487,498.9,19.641,-20,52818,5
295,0x51,0,1,484,497.1,19.571,-19,52997,5
296,0x51,0,1,485,495.3,19.5,-21,53176,5
297,0x51,0,1,513,493.7,19.439,-18,53355,5
298,0x51,0,1,500,494.7,19.476,-17,53534,5
299,0x51,0,0,-1,494.7,19.476,0,53712,5
300,0x51,0,1,545,497.4,19.584,-16,53893,5
301,0x51,0,1,528,502.0,19.764,-18,54072,5
302,0x51,0,1,512,505.9,19.918,-19,54251,5
303,0x51,0,0,-1,505.9,19.918,0,54429,5
304,0x51,0,1,469,506.8,19.954,-22,54610,5
305,0x51,0,0,-1,506.8,19.954,0,54788,5
306,0x51,0,1,500,505.8,19.914,-20,54969,5
307,0x51,0,1,563,504.9,19.879,-17,55148,5
308,0x51,0,1,507,505.2,19.891,-22,55327,5
309,0x51,0,0,-1,505.2,19.891,0,55505,5
310,0x51,0,2,449,505.5,19.902,-22,55686,5
311,0x51,0,0,-1,505.5,19.902,0,55864,5
312,0x51,0,0,-1,505.5,19.902,0,56044,5
313,0x51,0,0,-1,505.5,19.902,0,56224,5
314,0x51,0,1,450,497.2,19.574,-25,56405,5
315,0x51,0,0,-1,497.2,19.574,0,56583,5
316,0x51,0,1,535,490.1,19.295,-18,56764,5
317,0x51,0,1,513,493.5,19.431,-16,56943,5
318,0x51,0,1,526,498.4,19.622,-19,57122,5
319,0x51,0,1,523,502.1,19.768,-16,57301,5
320,0x51,0,1,535,505.7,19.909,-16,57480,5
321,0x51,0,2,493,508.3,20.011,-20,57659,5
322,0x51,0,1,462,506.0,19.921,-21,57838,5
323,0x51,0,2,455,499.4,19.661,-21,58017,5
324,0x51,0,2,459,493.3,19.422,-21,58196,5
325,0x51,0,1,456,487.7,19.202,-21,58375,5
326,0x51,0,1,541,483.4,19.032,-17,58554,5
327,0x51,0,1,559,492.1,19.372,-17,58733,5
328,0x51,0,0,-1,492.1,19.372,0,58911,5
329,0x51,0,1,490,499.4,19.661,-20,59092,5
330,0x51,0,0,-1,499.4,19.661,0,59270,5
331,0x51,0,1,571,508.3,20.013,-18,59451,5
332,0x51,0,0,-1,508.3,20.013,0,59629,5
333,0x51,0,1,569,517.4,20.372,-21,59810,5
334,0x51,0,0,-1,517.4,20.372,0,59988,5
335,0x51,0,1,797,525.5,20.688,-19,60169,5
336,0x51,0,1,514,532.0,20.945,-16,60348,5
337,0x51,0,1,507,529.3,20.839,-20,60527,5
338,0x51,0,0,-1,529.3,20.839,0,60705,5
339,0x51,0,1,479,526.0,20.707,-19,60886,5
340,0x51,0,1,1041,523.1,20.595,-20,61065,5
341,0x51,0,1,525,523.4,20.606,-17,61244,5
342,0x51,0,1,501,523.6,20.616,-17,61423,5
343,0x51,0,1,502,520.4,20.488,-16,61602,5
344,0x51,0,1,504,517.6,20.379,-14,61781,5
345,0x51,0,1,505,515.6,20.299,-16,61960,5
346,0x51,0,1,505,514.0,20.236,-16,62139,5
347,0x51,0,1,486,512.6,20.183,-23,62318,5
348,0x51,0,2,492,509.6,20.061,-20,62497,5
349,0x51,0,1,525,506.9,19.957,-14,62676,5
350,0x51,0,2,516,508.3,20.011,-17,62855,5
351,0x51,0,2,432,509.4,20.057,-25,63034,5
352,0x51,0,0,-1,509.4,20.057,0,63212,5
353,0x51,0,1,455,501.3,19.735,-24,63393,5
354,0x51,0,1,490,494.3,19.462,-19,63572,5
355,0x51,0,1,515,493.7,19.436,-16,63751,5
356,0x51,0,1,521,496.9,19.562,-15,63930,5
357,0x51,0,2,493,499.6,19.669,-19,64109,5
358,0x51,0,2,509,501.0,19.725,-20,64288,5
359,0x51,0,1,504,501.5,19.742,-16,64467,5
360,0x51,0,1,511,502.6,19.787,-18,64646,5
361,0x51,0,2,510,503.7,19.831,-20,64825,5
362,0x51,0,2,438,504.6,19.868,-23,65004,5
363,0x51,0,0,-1,504.6,19.868,0,65182,5
364,0x51,0,1,505,504.7,19.87,-13,65363,5
365,0x51,0,1,505,504.7,19.872,-14,65542,5
366,0x51,0,1,499,504.8,19.873,-22,65721,5
367,0x51,0,1,516,504.8,19.875,-22,65900,5
368,0x51,0,1,498,503.9,19.84,-19,66079,5
369,0x51,0,1,508,504.6,19.864,-15,66258,5
370,0x51,0,1,509,505.1,19.885,-15,66437,5
371,0x51,0,1,509,505.7,19.908,-14,66616,5
372,0x51,0,1,506,506.2,19.928,-17,66795,5
373,0x51,0,1,528,506.6,19.944,-19,66974,5
374,0x51,0,1,571,509.8,20.071,-18,67153,5
375,0x51,0,1,497,512.5,20.178,-16,67332,5
376,0x51,0,0,-1,512.5,20.178,0,67510,5
377,0x51,0,1,503,511.1,20.122,-18,67691,5
378,0x51,0,1,495,509.0,20.039,-17,67870,5
379,0x51,0,1,493,506.9,19.956,-16,68049,5
380,0x51,0,1,492,504.8,19.874,-17,68228,5
381,0x51,0,1,474,502.9,19.799,-23,68407,5
382,0x51,0,1,557,501.3,19.734,-21,68586,5
383,0x51,0,1,547,508.1,20.004,-16,68765,5
384,0x51,0,1,563,515.4,20.293,-18,68944,5
385,0x51,0,2,498,520.2,20.479,-22,69123,5
386,0x51,0,0,-1,520.2,20.479,0,69301,5
387,0x51,0,1,507,518.2,20.402,-17,69482,5
388,0x51,0,1,512,516.5,20.336,-18,69661,5
389,0x51,0,1,508,515.2,20.285,-15,69840,5
390,0x51,0,1,512,514.8,20.266,-19,70019,5
391,0x51,0,1,451,513.7,20.226,-23,70198,5
392,0x51,0,2,515,513.5,20.216,-18,70377,5
393,0x51,0,2,464,506.1,19.924,-21,70556,5
394,0x51,0,1,510,506.7,19.947,-21,70735,5
395,0x51,0,0,-1,506.7,19.947,0,70913,5
396,0x51,0,2,461,500.3,19.695,-21,71094,5
397,0x51,0,1,503,500.7,19.711,-20,71273,5
398,0x51,0,1,741,501.0,19.725,-17,71452,5
399,0x51,0,2,505,501.6,19.749,-17,71631,5
400,0x51,0,0,-1,501.6,19.749,0,71809,5
401,0x51,0,1,502,502.1,19.769,-17,71990,5
402,0x51,0,2,492,502.1,19.768,-21,72169,5
403,0x51,0,1,493,500.7,19.714,-21,72348,5
404,0x51,0,0,-1,500.7,19.714,0,72526,5
405,0x51,0,1,535,499.6,19.668,-17,72707,5
406,0x51,0,1,523,503.1,19.807,-16,72886,5
407,0x51,0,1,501,506.1,19.924,-13,73065,5
408,0x51,0,0,-1,506.1,19.924,0,73243,5
409,0x51,0,2,540,508.6,20.024,-15,73424,5
410,0x51,0,1,539,513.2,20.204,-16,73603,5
411,0x51,0,2,448,517.0,20.356,-21,73782,5
412,0x51,0,0,-1,517.0,20.356,0,73960,5
413,0x51,0,2,504,515.1,20.279,-16,74141,5
414,0x51,0,1,506,513.4,20.214,-18,74320,5
415,0x51,0,1,577,512.3,20.17,-16,74499,5
416,0x51,0,1,558,519.2,20.44,-14,74678,5
417,0x51,0,2,514,525.0,20.669,-16,74857,5
418,0x51,0,1,561,529.9,20.864,-15,75036,5
419,0x51,0,1,493,527.6,20.77,-19,75215,5
420,0x51,0,1,513,525.4,20.684,-13,75394,5
421,0x51,0,1,501,521.7,20.54,-15,75573,5
422,0x51,0,1,506,519.4,20.447,-18,75752,5
423,0x51,0,1,477,516.6,20.339,-19,75931,5
424,0x51,0,1,500,514.1,20.241,-20,76110,5
425,0x51,0,2,464,508.5,20.021,-21,76289,5
426,0x51,0,1,504,507.3,19.971,-17,76468,5
427,0x51,0,1,521,506.8,19.952,-16,76647,5
428,0x51,0,2,452,506.4,19.935,-23,76826,5
429,0x51,0,2,455,498.7,19.632,-22,77005,5
430,0x51,0,1,504,492.1,19.374,-12,77184,5
431,0x51,0,1,498,493.0,19.409,-16,77363,5
432,0x51,0,1,515,494.6,19.474,-18,77542,5
433,0x51,0,1,432,495.1,19.494,-22,77721,5
434,0x51,0,1,539,498.1,19.611,-23,77900,5
435,0x51,0,1,487,496.5,19.545,-19,78079,5
436,0x51,0,1,441,495.0,19.49,-24,78258,5
437,0x51,0,0,-1,495.0,19.49,0,78436,5
438,0x51,0,1,467,490.8,19.324,-22,78617,5
439,0x51,0,1,499,487.3,19.183,-17,78796,5
440,0x51,0,1,499,489.0,19.253,-13,78975,5
441,0x51,0,2,496,490.5,19.312,-14,79154,5
442,0x51,0,2,450,491.3,19.344,-23,79333,5
443,0x51,0,1,466,487.5,19.194,-17,79512,5
444,0x51,0,2,437,481.9,18.973,-24,79691,4
445,0x51,0,1,491,479.5,18.879,-15,79870,4
446,0x51,0,1,490,481.1,18.941,-14,80049,4
447,0x51,0,1,508,482.6,18.999,-17,80228,4
448,0x51,0,1,501,485.3,19.108,-18,80407,5
449,0x51,0,1,498,487.7,19.2,-21,80586,5
450,0x51,0,1,500,489.5,19.273,-17,80765,5
451,0x51,0,2,502,491.1,19.335,-17,80944,5
452,0x51,0,1,499,492.4,19.387,-17,81123,5
453,0x51,0,1,496,493.4,19.426,-15,81302,5
454,0x51,0,1,495,493.8,19.441,-14,81481,5
455,0x51,0,1,499,494.1,19.454,-19,81660,5
456,0x51,0,1,494,494.3,19.459,-15,81839,5
457,0x51,0,2,481,494.2,19.458,-18,82018,5
458,0x51,0,3,456,492.2,19.38,-21,82197,5
459,0x51,0,2,439,486.8,19.166,-22,82376,5
460,0x51,0,2,436,479.6,18.883,-22,82555,4
461,0x51,0,1,494,473.5,18.643,-23,82734,4
462,0x51,0,1,465,472.3,18.593,-25,82913,4
463,0x51,0,0,-1,472.3,18.593,0,83091,4
464,0x51,0,2,436,471.2,18.55,-23,83272,4
465,0x51,0,1,489,470.2,18.514,-14,83451,4
466,0x51,0,1,488,472.9,18.618,-14,83630,4
467,0x51,0,2,436,475.2,18.708,-23,83809,4
468,0x51,0,1,485,476.6,18.766,-17,83988,4
469,0x51,0,1,490,477.9,18.815,-16,84167,4
470,0x51,0,1,490,479.7,18.886,-15,84346,4
471,0x51,0,1,490,481.3,18.947,-15,84525,4
472,0x51,0,1,487,482.6,18.999,-13,84704,4
473,0x51,0,1,491,483.7,19.043,-13,84883,5
474,0x51,0,2,426,484.2,19.062,-23,85062,5
475,0x51,0,2,431,476.2,18.748,-23,85241,4
476,0x51,0,1,479,469.4,18.481,-16,85420,4
477,0x51,0,2,432,463.8,18.26,-23,85599,4
478,0x51,0,1,474,465.3,18.32,-16,85778,4
479,0x51,0,1,475,466.6,18.372,-17,85957,4
480,0x51,0,1,452,467.7,18.415,-21,86136,4
481,0x51,0,1,461,466.7,18.375,-21,86315,4
482,0x51,0,1,432,464.5,18.288,-20,86494,4
483,0x51,0,2,430,459.6,18.096,-22,86673,4
484,0x51,0,2,429,455.2,17.921,-23,86852,4
485,0x51,0,1,481,451.4,17.772,-16,87031,4
486,0x51,0,1,478,455.4,17.929,-15,87210,4
487,0x51,0,1,477,458.8,18.063,-19,87389,4
488,0x51,0,2,420,461.5,18.17,-22,87568,4
489,0x51,0,2,418,455.3,17.925,-26,87747,4
490,0x51,0,2,421,450.0,17.717,-24,87926,4
491,0x51,0,1,423,445.7,17.545,-24,88105,4
492,0x51,0,1,476,442.3,17.412,-21,88284,4
493,0x51,0,1,475,447.2,17.605,-21,88463,4
494,0x51,0,1,463,451.3,17.769,-19,88642,4
495,0x51,0,1,468,453.8,17.868,-17,88821,4
496,0x51,0,1,474,456.0,17.951,-18,89000,4
497,0x51,0,1,498,458.7,18.058,-16,89179,4
498,0x51,0,1,493,463.8,18.261,-15,89358,4
499,0x51,0,1,494,468.3,18.439,-16,89537,4
500,0x51,0,1,495,472.2,18.59,-15,89716,4
501,0x51,0,1,497,475.6,18.725,-14,89895,4
502,0x51,0,1,487,478.5,18.839,-18,90074,4
503,0x51,0,1,486,479.8,18.89,-19,90253,4
504,0x51,0,0,-1,479.8,18.89,0,90431,4
505,0x51,0,1,1185,480.9,18.932,-21,90612,4
506,0x51,0,2,446,481.6,18.962,-20,90791,4
507,0x51,0,1,509,485.7,19.124,-17,90970,5
508,0x51,0,1,508,489.1,19.255,-22,91149,5
509,0x51,0,1,486,491.9,19.367,-23,91328,5
510,0x51,0,1,553,494.3,19.462,-22,91507,5
511,0x51,0,1,484,493.1,19.413,-20,91686,5
512,0x51,0,2,501,494.3,19.46,-20,91865,5
513,0x51,0,1,498,494.8,19.482,-23,92044,5
514,0x51,0,1,500,495.6,19.512,-21,92223,5
515,0x51,0,1,510,496.3,19.538,-22,92402,5
516,0x51,0,0,-1,496.3,19.538,0,92580,5
517,0x51,0,0,-1,496.3,19.538,0,92760,5
518,0x51,0,0,-1,496.3,19.538,0,92940,5
519,0x51,0,2,441,496.8,19.56,-23,93121,5
520,0x51,0,2,449,489.7,19.278,-21,93300,5
521,0x51,0,1,449,483.6,19.038,-22,93479,5
522,0x51,0,1,478,478.4,18.833,-22,93658,4
523,0x51,0,1,502,478.3,18.831,-18,93837,4
524,0x51,0,1,492,480.4,18.912,-19,94016,4
525,0x51,0,1,509,483.6,19.04,-21,94195,5
526,0x51,0,1,478,484.9,19.089,-19,94374,5
527,0x51,0,1,488,485.3,19.108,-22,94553,5
528,0x51,0,1,531,485.7,19.124,-18,94732,5
529,0x51,0,0,-1,485.7,19.124,0,94910,5
530,0x51,0,1,518,490.6,19.314,-19,95091,5
531,0x51,0,1,453,494.7,19.476,-18,95270,5
532,0x51,0,0,-1,494.7,19.476,0,95448,5
533,0x51,0,1,562,498.2,19.614,-17,95629,5
534,0x51,0,0,-1,498.2,19.614,0,95807,5
535,0x51,0,1,565,507.8,19.991,-18,95988,5
536,0x51,0,0,-1,507.8,19.991,0,96166,5
537,0x51,0,1,524,515.9,20.311,-20,96347,5
538,0x51,0,1,512,517.1,20.359,-18,96526,5
539,0x51,0,1,491,516.3,20.329,-21,96705,5
540,0x51,0,0,-1,516.3,20.329,0,96883,5
541,0x51,0,0,-1,516.3,20.329,0,97063,5
542,0x51,0,2,491,512.5,20.179,-21,97244,5
543,0x51,0,2,480,509.3,20.052,-19,97423,5
544,0x51,0,0,-1,509.3,20.052,0,97601,5
545,0x51,0,2,533,506.6,19.943,-17,97782,5
546,0x51,0,1,459,502.6,19.787,-16,97961,5
547,0x51,0,2,454,496.0,19.529,-17,98140,5
548,0x51,0,0,-1,496.0,19.529,0,98318,5
549,0x51,0,1,512,490.5,19.31,-14,98499,5
550,0x51,0,1,496,491.3,19.343,-15,98678,5
551,0x51,0,1,510,494.1,19.453,-18,98857,5
552,0x51,0,1,480,494.4,19.465,-18,99036,5
553,0x51,0,1,477,492.2,19.379,-19,99215,5
554,0x51,0,1,492,490.4,19.307,-17,99394,5
555,0x51,0,0,-1,490.4,19.307,0,99572,5
556,0x51,0,1,484,489.4,19.269,-25,99753,5
557,0x51,0,1,489,489.4,19.267,-16,99932,5
558,0x51,0,1,497,489.3,19.265,-14,100111,5
559,0x51,0,1,445,489.3,19.263,-21,100290,5
560,0x51,0,1,477,487.4,19.19,-22,100469,5
561,0x51,0,2,457,482.9,19.01,-22,100648,5
562,0x51,0,1,470,480.9,18.935,-23,100827,4
563,0x51,0,1,495,479.3,18.87,-16,101006,4
564,0x51,0,0,-1,479.3,18.87,0,101184,4
565,0x51,0,0,-1,479.3,18.87,0,101364,4
566,0x51,0,2,450,477.9,18.815,-19,101545,4
567,0x51,0,1,453,474.2,18.668,-21,101724,4
568,0x51,0,1,480,471.0,18.543,-20,101903,4
569,0x51,0,1,462,469.6,18.49,-20,102082,4
570,0x51,0,2,487,471.2,18.551,-21,102261,4
571,0x51,0,1,486,473.4,18.638,-18,102440,4
572,0x51,0,1,502,475.5,18.719,-20,102619,4
573,0x51,0,1,480,477.0,18.781,-21,102798,4
574,0x51,0,1,449,477.5,18.798,-24,102977,4
575,0x51,0,1,572,477.9,18.813,-18,103156,4
576,0x51,0,2,479,478.0,18.82,-23,103335,4
577,0x51,0,2,479,478.2,18.826,-19,103514,4
578,0x51,0,2,497,478.3,18.831,-19,103693,4
579,0x51,0,2,482,478.9,18.853,-21,103872,4
580,0x51,0,2,621,481.6,18.96,-18,104051,4
581,0x51,0,0,-1,481.6,18.96,0,104229,4
582,0x51,0,1,793,502.5,19.783,-11,104410,5
583,0x51,0,1,845,546.1,21.499,-13,104589,5
584,0x51,0,1,763,583.1,22.957,-14,104768,5
585,0x51,0,1,931,622.4,24.504,-15,104947,5
586,0x51,0,1,1321,668.7,26.326,-15,105126,5
587,0x51,0,1,1096,732.8,28.85,-19,105305,5
588,0x51,0,0,-1,732.8,28.85,0,105483,5
589,0x51,0,0,-1,732.8,28.85,0,105663,5
590,0x51,0,0,-1,732.8,28.85,0,105843,5
591,0x51,0,0,-1,732.8,28.85,0,106023,5
592,0x51,0,0,-1,732.8,28.85,0,106203,5
593,0x51,0,0,-1,732.8,28.85,0,106383,5
594,0x51,0,0,-1,732.8,28.85,0,106563,5
595,0x51,0,0,-1,732.8,28.85,0,106743,5
596,0x51,0,0,-1,732.8,28.85,0,106923,5
597,0x51,0,0,-1,732.8,28.85,0,107103,5
598,0x51,0,0,-1,732.8,28.85,0,107283,5
599,0x51,0,0,-1,732.8,28.85,0,107463,5
600,0x51,0,0,-1,732.8,28.85,0,107643,5
601,0x51,0,0,-1,732.8,28.85,0,107823,5
602,0x51,0,0,-1,732.8,28.85,0,108003,5
603,0x51,0,0,-1,732.8,28.85,0,108183,5
604,0x51,0,0,-1,732.8,28.85,0,108363,5
605,0x51,0,0,-1,732.8,28.85,0,108543,5
606,0x51,0,0,-1,732.8,28.85,0,108723,5
607,0x51,0,0,-1,732.8,28.85,0,108903,5
608,0x51,0,1,1013,787.3,30.995,-27,109084,5
609,0x51,0,0,-1,787.3,30.995,0,109262,5
610,0x51,0,0,-1,787.3,30.995,0,109442,5
611,0x51,0,0,-1,787.3,30.995,0,109622,5
612,0x51,0,0,-1,787.3,30.995,0,109802,5
613,0x51,0,0,-1,787.3,30.995,0,109982,5
614,0x51,0,0,-1,787.3,30.995,0,110162,5
615,0x51,0,0,-1,787.3,30.995,0,110342,5
616,0x51,0,0,-1,787.3,30.995,0,110522,5
617,0x51,0,0,-1,787.3,30.995,0,110702,5
618,0x51,0,0,-1,787.3,30.995,0,110882,5
619,0x51,0,0,-1,787.3,30.995,0,111062,5
620,0x51,0,0,-1,787.3,30.995,0,111242,5
621,0x51,0,0,-1,787.3,30.995,0,111422,5
622,0x51,0,0,-1,787.3,30.995,0,111602,5
623,0x51,0,0,-1,787.3,30.995,0,111782,5
624,0x51,0,0,-1,787.3,30.995,0,111962,5
