frame id,address,retcode,numDistances,raw_mm,medianEMA_mm,medianEMA_in,p0 str,time now,LED status
81,0x51,0,1,431,435.9,17.161,-25,14401,4
82,0x51,0,2,444,433.4,17.065,-21,14577,4
83,0x51,0,2,413,432.2,17.017,-24,14753,4
84,0x51,0,1,373,422.6,16.638,-25,14929,3
85,0x51,0,1,453,417.8,16.449,-19,15105,3
86,0x51,0,2,457,435.4,17.142,-21,15281,4
87,0x51,0,1,468,446.2,17.567,-18,15457,4
88,0x51,0,1,474,457.1,17.996,-15,15633,4
89,0x51,0,1,440,462.6,18.211,-18,15809,4
90,0x51,0,1,443,452.8,17.826,-20,15985,4
91,0x51,0,1,437,446.4,17.574,-19,16161,4
92,0x51,0,1,418,441.7,17.39,-21,16337,4
93,0x51,0,2,405,429.8,16.923,-16,16513,3
94,0x51,0,1,440,423.9,16.69,-19,16689,3
95,0x51,0,1,483,432.0,17.006,-20,16865,4
96,0x51,0,1,442,437.0,17.204,-18,17041,4
97,0x51,0,1,488,460.0,18.11,-18,17217,4
98,0x51,0,1,433,451.0,17.756,-18,17393,4
99,0x51,0,0,-1,451.0,17.756,0,17568,4
100,0x51,0,0,-1,451.0,17.756,0,17746,4
101,0x51,0,1,626,469.5,18.484,-17,17925,4
102,0x51,0,2,494,481.7,18.966,-23,18101,4
103,0x51,0,1,505,493.4,19.424,-21,18277,5
104,0x51,0,1,570,499.2,19.653,-17,18453,5
105,0x51,0,1,495,502.1,19.767,-15,18629,5
106,0x51,0,1,455,498.5,19.628,-22,18805,5
107,0x51,0,1,438,476.8,18.771,-23,18981,4
108,0x51,0,0,-1,476.8,18.771,0,19156,4
109,0x51,0,1,531,465.9,18.342,-19,19335,4
110,0x51,0,1,537,498.4,19.624,-20,19511,5
111,0x51,0,1,401,514.7,20.265,-22,19687,5
112,0x51,0,1,375,457.9,18.026,-25,19863,4
113,0x51,0,1,460,429.4,16.907,-20,20039,3
114,0x51,0,1,470,444.7,17.508,-22,20215,4
115,0x51,0,0,-1,444.7,17.508,0,20390,4
116,0x51,0,1,445,452.4,17.809,-13,20569,4
117,0x51,0,1,461,456.7,17.979,-19,20745,4
118,0x51,0,1,425,450.8,17.75,-18,20921,4
119,0x51,0,2,371,437.9,17.241,-24,21097,4
120,0x51,0,2,398,418.0,16.455,-25,21273,3
121,0x51,0,1,460,408.0,16.062,-16,21449,3
122,0x51,0,0,-1,408.0,16.062,0,21624,3
123,0x51,0,1,498,434.0,17.086,-16,21803,4
124,0x51,0,1,432,447.0,17.598,-19,21979,4
125,0x51,0,1,452,449.5,17.697,-18,22155,4
126,0x51,0,1,556,450.7,17.746,-17,22331,4
127,0x51,0,1,502,476.4,18.755,-20,22507,4
128,0x51,0,1,562,516.2,20.322,-14,22683,5
129,0x51,0,1,456,509.1,20.043,-19,22859,5
130,0x51,0,2,380,482.5,18.998,-24,23035,4
131,0x51,0,1,403,442.8,17.432,-21,23211,4
132,0x51,0,1,381,411.9,16.216,-21,23387,3
133,0x51,0,1,446,407.4,16.041,-22,23563,3
134,0x51,0,1,495,426.7,16.8,-18,23739,3
135,0x51,0,1,493,459.9,18.105,-17,23915,4
136,0x51,0,1,447,476.4,18.757,-16,24091,4
137,0x51,0,1,433,461.7,18.178,-23,24267,4
138,0x51,0,2,460,454.4,17.888,-19,24443,4
139,0x51,0,0,-1,454.4,17.888,0,24618,4
140,0x51,0,2,473,457.2,17.999,-19,24797,4
141,0x51,0,1,480,465.1,18.311,-17,24973,4
142,0x51,0,1,450,469.0,18.466,-17,25149,4
143,0x51,0,1,510,474.5,18.682,-21,25325,4
144,0x51,0,2,453,463.8,18.258,-24,25501,4
145,0x51,0,1,557,486.9,19.169,-16,25677,5
146,0x51,0,1,499,492.9,19.407,-14,25853,5
147,0x51,0,1,453,496.0,19.526,-20,26029,5
148,0x51,0,1,429,474.5,18.681,-25,26205,4
149,0x51,0,1,431,452.7,17.825,-18,26381,4
150,0x51,0,1,439,441.9,17.397,-17,26557,4
151,0x51,0,1,496,440.4,17.34,-21,26733,4
152,0x51,0,2,459,449.7,17.705,-19,26909,4
153,0x51,0,1,427,454.4,17.888,-20,27085,4
154,0x51,0,2,417,440.7,17.35,-22,27261,4
155,0x51,0,1,435,433.8,17.08,-20,27437,4
156,0x51,0,1,536,434.4,17.103,-17,27613,4
157,0x51,0,1,427,434.7,17.115,-20,27789,4
158,0x51,0,2,499,466.9,18.38,-19,27965,4
159,0x51,0,1,523,482.9,19.013,-17,28141,5
160,0x51,0,2,416,491.0,19.329,-22,28317,5
161,0x51,0,1,431,461.0,18.149,-20,28493,4
162,0x51,0,2,448,446.0,17.559,-21,28669,4
163,0x51,0,1,554,447.0,17.598,-19,28845,4
164,0x51,0,1,464,455.5,17.933,-20,29021,4
165,0x51,0,2,422,459.7,18.1,-25,29197,4
166,0x51,0,1,454,456.9,17.987,-20,29373,4
167,0x51,0,0,-1,456.9,17.987,0,29548,4
168,0x51,0,1,494,455.4,17.931,-17,29727,4
169,0x51,0,2,366,454.7,17.902,-21,29903,4
170,0x51,0,1,461,457.9,18.026,-15,30079,4
171,0x51,0,1,452,454.9,17.911,-22,30255,4
172,0x51,0,2,407,453.5,17.853,-22,30431,4
173,0x51,0,1,528,452.7,17.824,-15,30607,4
174,0x51,0,1,516,484.4,19.07,-17,30783,5
175,0x51,0,1,484,500.2,19.692,-17,30959,5
176,0x51,0,1,462,492.1,19.374,-15,31135,5
177,0x51,0,1,449,477.0,18.781,-18,31311,4
178,0x51,0,1,481,469.5,18.485,-17,31487,4
179,0x51,0,2,410,459.3,18.081,-17,31663,4
180,0x51,0,0,-1,459.3,18.081,0,31838,4
181,0x51,0,1,460,459.6,18.096,-22,32017,4
182,0x51,0,1,551,459.8,18.103,-18,32193,4
183,0x51,0,1,532,495.9,19.524,-20,32369,5
184,0x51,0,1,532,514.0,20.234,-14,32545,5
185,0x51,0,2,480,523.0,20.59,-18,32721,5
186,0x51,0,0,-1,523.0,20.59,0,32896,5
187,0x51,0,0,-1,523.0,20.59,0,33074,5
188,0x51,0,1,496,509.5,20.059,-19,33253,5
189,0x51,0,2,392,494.7,19.478,-25,33429,5
190,0x51,0,2,437,465.9,18.341,-18,33605,4
191,0x51,0,1,474,451.4,17.773,-17,33781,4
192,0x51,0,2,435,444.2,17.489,-21,33957,4
193,0x51,0,1,480,459.1,18.075,-21,34133,4
194,0x51,0,2,470,464.6,18.29,-20,34309,4
195,0x51,0,1,519,472.3,18.594,-19,34485,4
196,0x51,0,1,516,494.1,19.454,-16,34661,5
197,0x51,0,1,489,505.1,19.885,-19,34837,5
198,0x51,0,1,527,510.5,20.1,-16,35013,5
199,0x51,0,1,508,509.3,20.05,-20,35189,5
200,0x51,0,1,520,514.6,20.261,-17,35365,5
201,0x51,0,2,400,511.3,20.131,-22,35541,5
202,0x51,0,3,441,476.2,18.746,-21,35717,4
203,0x51,0,1,431,453.6,17.857,-23,35893,4
204,0x51,0,2,458,447.3,17.61,-15,36069,4
205,0x51,0,2,427,439.1,17.289,-19,36245,4
206,0x51,0,2,459,448.6,17.66,-21,36421,4
207,0x51,0,1,496,453.8,17.866,-17,36597,4
208,0x51,0,1,500,474.9,18.697,-15,36773,4
209,0x51,0,1,441,485.4,19.112,-24,36949,5
210,0x51,0,1,413,463.2,18.237,-19,37125,4
211,0x51,0,1,422,442.6,17.426,-24,37301,4
212,0x51,0,1,456,432.3,17.02,-15,37477,4
213,0x51,0,1,457,444.2,17.486,-15,37653,4
214,0x51,0,0,-1,444.2,17.486,0,37828,4
215,0x51,0,1,456,450.1,17.72,-20,38007,4
216,0x51,0,2,401,453.0,17.836,-26,38183,4
217,0x51,0,0,-1,453.0,17.836,0,38358,4
218,0x51,0,1,386,427.0,16.812,-19,38537,3
219,0x51,0,2,387,407.0,16.024,-24,38713,3
220,0x51,0,1,364,396.5,15.61,-28,38889,3
221,0x51,0,1,477,391.8,15.423,-21,39065,3
222,0x51,0,1,398,394.9,15.546,-23,39241,3
223,0x51,0,1,554,435.9,17.163,-14,39417,4
224,0x51,0,1,507,471.5,18.562,-18,39593,4
225,0x51,0,1,422,489.2,19.261,-22,39769,5
226,0x51,0,2,433,461.1,18.154,-20,39945,4
227,0x51,0,2,370,441.6,17.384,-23,40121,4
228,0x51,0,1,352,405.8,15.976,-22,40297,3
229,0x51,0,1,399,387.9,15.271,-22,40473,3
230,0x51,0,2,472,393.4,15.49,-19,40649,3
231,0x51,0,1,463,428.2,16.859,-15,40825,3
232,0x51,0,1,502,450.1,17.721,-15,41001,4
233,0x51,0,1,418,456.6,17.975,-22,41177,4
234,0x51,0,1,469,462.8,18.22,-19,41353,4
235,0x51,0,1,452,457.4,18.007,-17,41529,4
236,0x51,0,2,462,459.7,18.098,-18,41705,4
237,0x51,0,0,-1,459.7,18.098,0,41880,4
238,0x51,0,1,366,455.8,17.947,-23,42059,4
239,0x51,0,0,-1,455.8,17.947,0,42234,4
240,0x51,0,2,424,439.9,17.32,-15,42413,4
241,0x51,0,1,450,432.0,17.006,-12,42589,4
242,0x51,0,1,516,441.0,17.361,-14,42765,4
243,0x51,0,2,422,445.5,17.539,-20,42941,4
244,0x51,0,1,464,454.7,17.903,-21,43117,4
245,0x51,0,1,410,438.4,17.259,-22,43293,4
246,0x51,0,0,-1,438.4,17.259,0,43468,4
