frame id,address,retcode,numDistances,raw_mm,medianEMA_mm,medianEMA_in,p0 str,time now,LED status
6,0x51,0,1,530,529.0,20.827,-9,1157,5
7,0x51,0,1,529,529.0,20.827,-9,1332,5
8,0x51,0,1,529,529.0,20.827,-8,1507,5
9,0x51,0,1,530,529.0,20.827,-8,1683,5
10,0x51,0,1,530,529.5,20.846,-8,1859,5
11,0x51,0,1,529,529.8,20.856,-9,2034,5
12,0x51,0,1,529,529.4,20.842,-8,2210,5
13,0x51,0,1,529,529.2,20.834,-8,2385,5
14,0x51,0,1,530,529.1,20.83,-8,2561,5
15,0x51,0,1,529,529.0,20.829,-8,2736,5
16,0x51,0,1,529,529.0,20.828,-9,2912,5
17,0x51,0,1,530,529.0,20.827,-9,3088,5
18,0x51,0,1,530,529.5,20.847,-8,3263,5
19,0x51,0,1,529,529.8,20.856,-9,3439,5
20,0x51,0,1,529,529.4,20.842,-8,3615,5
21,0x51,0,1,530,529.2,20.834,-9,3791,5
22,0x51,0,1,530,529.6,20.85,-8,3966,5
23,0x51,0,1,530,529.8,20.858,-8,4142,5
24,0x51,0,1,530,529.9,20.862,-9,4318,5
25,0x51,0,1,529,529.9,20.864,-9,4494,5
26,0x51,0,1,530,530.0,20.865,-9,4669,5
27,0x51,0,1,530,530.0,20.866,-8,4844,5
28,0x51,0,1,529,530.0,20.866,-9,5020,5
29,0x51,0,1,530,530.0,20.866,-9,5195,5
30,0x51,0,1,530,530.0,20.866,-8,5371,5
31,0x51,0,1,530,530.0,20.866,-8,5546,5
32,0x51,0,1,530,530.0,20.866,-8,5722,5
33,0x51,0,1,529,530.0,20.866,-8,5898,5
34,0x51,0,1,529,529.5,20.846,-8,6074,5
35,0x51,0,1,529,529.2,20.837,-8,6249,5
36,0x51,0,1,530,529.1,20.832,-9,6425,5
37,0x51,0,1,529,529.1,20.829,-8,6601,5
38,0x51,0,1,529,529.0,20.828,-9,6777,5
39,0x51,0,1,529,529.0,20.827,-9,6953,5
40,0x51,0,1,529,529.0,20.827,-8,7128,5
41,0x51,0,1,529,529.0,20.827,-8,7303,5
42,0x51,0,1,529,529.0,20.827,-8,7479,5
43,0x51,0,1,530,529.0,20.827,-8,7655,5
44,0x51,0,1,529,529.0,20.827,-8,7830,5
45,0x51,0,1,531,529.5,20.846,-8,8005,5
46,0x51,0,1,530,529.8,20.856,-8,8180,5
47,0x51,0,1,530,529.9,20.861,-8,8356,5
48,0x51,0,1,530,529.9,20.864,-8,8531,5
49,0x51,0,1,530,530.0,20.865,-8,8706,5
50,0x51,0,1,529,530.0,20.866,-8,8881,5
51,0x51,0,1,530,530.0,20.866,-9,9057,5
52,0x51,0,1,529,529.5,20.846,-9,9232,5
53,0x51,0,1,529,529.2,20.837,-9,9407,5
54,0x51,0,1,530,529.1,20.832,-8,9582,5
55,0x51,0,1,530,529.6,20.849,-9,9758,5
56,0x51,0,1,530,529.8,20.858,-8,9933,5
57,0x51,0,1,529,529.9,20.862,-8,10109,5
58,0x51,0,1,529,529.4,20.844,-9,10284,5
59,0x51,0,1,529,529.2,20.836,-9,10459,5
60,0x51,0,1,529,529.1,20.831,-9,10634,5
61,0x51,0,1,530,529.1,20.829,-8,10810,5
62,0x51,0,1,529,529.0,20.828,-8,10985,5
63,0x51,0,1,530,529.5,20.847,-8,11160,5
64,0x51,0,1,530,529.8,20.857,-8,11335,5
65,0x51,0,1,529,529.9,20.861,-8,11510,5
66,0x51,0,1,530,529.9,20.864,-8,11685,5
67,0x51,0,1,530,530.0,20.865,-8,11860,5
68,0x51,0,1,529,530.0,20.866,-8,12035,5
69,0x51,0,1,530,530.0,20.866,-8,12211,5
70,0x51,0,1,529,529.5,20.846,-9,12387,5
71,0x51,0,1,529,529.2,20.837,-8,12563,5
72,0x51,0,1,529,529.1,20.832,-8,12739,5
73,0x51,0,1,530,529.1,20.829,-8,12914,5
74,0x51,0,1,529,529.0,20.828,-9,13090,5
75,0x51,0,1,529,529.0,20.827,-8,13265,5
76,0x51,0,1,530,529.0,20.827,-8,13441,5
77,0x51,0,1,529,529.0,20.827,-8,13617,5
78,0x51,0,1,529,529.0,20.827,-8,13792,5
79,0x51,0,1,530,529.0,20.827,-8,13968,5
80,0x51,0,1,530,529.5,20.846,-8,14144,5
81,0x51,0,1,528,529.8,20.856,-9,14319,5
82,0x51,0,1,529,529.4,20.842,-8,14494,5
83,0x51,0,1,530,529.2,20.834,-9,14670,5
84,0x51,0,1,529,529.1,20.83,-8,14845,5
85,0x51,0,1,529,529.0,20.829,-9,15021,5
86,0x51,0,1,530,529.0,20.828,-9,15197,5
87,0x51,0,1,530,529.5,20.847,-8,15372,5
88,0x51,0,1,529,529.8,20.857,-9,15548,5
89,0x51,0,1,530,529.9,20.861,-8,15723,5
90,0x51,0,1,530,529.9,20.864,-8,15898,5
91,0x51,0,1,529,530.0,20.865,-8,16074,5
92,0x51,0,1,529,529.5,20.846,-9,16249,5
93,0x51,0,1,530,529.2,20.836,-8,16425,5
94,0x51,0,1,529,529.1,20.832,-9,16601,5
95,0x51,0,1,529,529.1,20.829,-8,16777,5
96,0x51,0,1,529,529.0,20.828,-9,16953,5
97,0x51,0,1,529,529.0,20.827,-9,17129,5
98,0x51,0,1,530,529.0,20.827,-8,17304,5
99,0x51,0,1,529,529.0,20.827,-8,17480,5
100,0x51,0,1,530,529.5,20.847,-8,17655,5
101,0x51,0,1,528,529.3,20.837,-9,17831,5
102,0x51,0,1,530,529.6,20.851,-9,18007,5
103,0x51,0,1,530,529.8,20.859,-8,18182,5
104,0x51,0,1,529,529.9,20.862,-9,18357,5
105,0x51,0,1,529,529.5,20.845,-9,18532,5
106,0x51,0,1,530,529.2,20.836,-9,18707,5
107,0x51,0,1,529,529.1,20.831,-8,18882,5
108,0x51,0,1,530,529.6,20.849,-8,19057,5
109,0x51,0,1,529,529.3,20.838,-8,19233,5
110,0x51,0,1,529,529.1,20.832,-8,19409,5
111,0x51,0,1,529,529.1,20.83,-9,19585,5
112,0x51,0,1,530,529.0,20.828,-8,19761,5
113,0x51,0,1,528,529.0,20.827,-9,19937,5
114,0x51,0,1,530,529.5,20.847,-9,20112,5
115,0x51,0,1,529,529.3,20.837,-8,20287,5
116,0x51,0,1,529,529.1,20.832,-9,20462,5
117,0x51,0,1,529,529.1,20.829,-9,20637,5
118,0x51,0,1,529,529.0,20.828,-9,20812,5
119,0x51,0,1,529,529.0,20.827,-9,20987,5
120,0x51,0,1,529,529.0,20.827,-9,21162,5
121,0x51,0,1,529,529.0,20.827,-9,21337,5
122,0x51,0,1,529,529.0,20.827,-8,21512,5
123,0x51,0,1,530,529.0,20.827,-8,21687,5
124,0x51,0,1,530,529.5,20.846,-8,21862,5
125,0x51,0,1,530,529.8,20.856,-8,22038,5
126,0x51,0,1,528,529.9,20.861,-8,22213,5
127,0x51,0,1,529,529.4,20.844,-8,22389,5
128,0x51,0,1,530,529.2,20.835,-8,22565,5
129,0x51,0,1,529,529.1,20.831,-9,22741,5
130,0x51,0,1,530,529.6,20.849,-8,22917,5
131,0x51,0,1,529,529.3,20.838,-8,23093,5
132,0x51,0,1,529,529.1,20.832,-8,23269,5
133,0x51,0,1,529,529.1,20.83,-9,23445,5
134,0x51,0,1,528,529.0,20.828,-8,23620,5
135,0x51,0,1,530,529.0,20.827,-9,23795,5
136,0x51,0,1,529,529.0,20.827,-8,23970,5
137,0x51,0,1,530,529.5,20.847,-8,24145,5
138,0x51,0,1,529,529.3,20.837,-8,24321,5
139,0x51,0,1,530,529.6,20.851,-8,24496,5
140,0x51,0,1,529,529.3,20.839,-8,24671,5
141,0x51,0,1,530,529.7,20.853,-9,24846,5
142,0x51,0,1,530,529.8,20.859,-8,25021,5
143,0x51,0,1,529,529.9,20.863,-9,25197,5
144,0x51,0,1,529,529.5,20.845,-9,25373,5
5,0x51,0,1,527,528.0,20.787,-9,982,5
6,0x51,0,1,529,528.0,20.787,-8,1158,5
7,0x51,0,1,526,527.5,20.768,-9,1333,5
8,0x51,0,1,528,527.8,20.778,-9,1508,5
9,0x51,0,1,527,527.4,20.763,-8,1683,5
10,0x51,0,1,527,527.2,20.755,-8,1858,5
11,0x51,0,1,528,527.1,20.752,-8,2034,5
12,0x51,0,1,527,527.0,20.75,-8,2210,5
13,0x51,0,1,527,527.0,20.749,-8,2385,5
14,0x51,0,1,527,527.0,20.748,-8,2561,5
15,0x51,0,1,528,527.0,20.748,-8,2736,5
16,0x51,0,1,527,527.0,20.748,-8,2912,5
17,0x51,0,1,528,527.5,20.768,-9,3088,5
18,0x51,0,1,528,527.8,20.778,-8,3263,5
19,0x51,0,1,528,527.9,20.782,-9,3439,5
20,0x51,0,1,529,527.9,20.785,-9,3614,5
21,0x51,0,1,528,528.0,20.786,-8,3790,5
22,0x51,0,1,528,528.0,20.787,-8,3965,5
23,0x51,0,1,528,528.0,20.787,-8,4140,5
24,0x51,0,1,528,528.0,20.787,-8,4316,5
25,0x51,0,1,528,528.0,20.787,-8,4492,5
26,0x51,0,1,528,528.0,20.787,-8,4667,5
27,0x51,0,1,527,528.0,20.787,-8,4842,5
28,0x51,0,1,528,528.0,20.787,-8,5017,5
29,0x51,0,1,528,528.0,20.787,-9,5192,5
30,0x51,0,1,528,528.0,20.787,-8,5367,5
31,0x51,0,1,528,528.0,20.787,-9,5542,5
32,0x51,0,1,528,528.0,20.787,-8,5718,5
33,0x51,0,1,527,528.0,20.787,-8,5893,5
34,0x51,0,1,527,527.5,20.768,-8,6068,5
35,0x51,0,1,527,527.2,20.758,-8,6244,5
36,0x51,0,1,528,527.1,20.753,-8,6420,5
37,0x51,0,1,528,527.6,20.77,-8,6595,5
38,0x51,0,1,527,527.8,20.779,-8,6771,5
39,0x51,0,1,527,527.4,20.763,-9,6946,5
40,0x51,0,1,529,527.2,20.756,-8,7122,5
41,0x51,0,1,528,527.6,20.772,-9,7297,5
42,0x51,0,1,528,527.8,20.779,-8,7473,5
43,0x51,0,1,527,527.9,20.783,-8,7649,5
44,0x51,0,2,189,527.4,20.766,-29,7825,5
45,0x51,0,1,263,395.2,15.56,-24,8001,3
46,0x51,0,0,-1,395.2,15.56,0,8175,3
47,0x51,0,2,244,319.6,12.583,-35,8353,1
48,0x51,0,2,253,286.3,11.272,-37,8529,1
49,0x51,0,1,529,269.7,10.616,-8,8704,1
50,0x51,0,2,209,261.3,10.288,-32,8880,1
51,0x51,0,2,183,235.2,9.258,-26,9056,1
52,0x51,0,1,197,216.1,8.507,-35,9230,1
53,0x51,0,2,343,206.5,8.132,-22,9404,1
54,0x51,0,3,265,235.8,9.282,-28,9578,1
55,0x51,0,2,204,250.4,9.858,-32,9752,1
56,0x51,0,1,191,227.2,8.945,-27,9926,1
57,0x51,0,1,183,209.1,8.232,-29,10100,1
58,0x51,0,2,176,196.0,7.718,-32,10274,1
59,0x51,0,1,264,189.5,7.462,-32,10448,1
60,0x51,0,1,528,226.8,8.928,-15,10622,1
61,0x51,0,1,205,245.4,9.661,-25,10796,1
62,0x51,0,1,204,225.2,8.866,-29,10970,1
63,0x51,0,1,529,215.1,8.468,-7,11143,1
64,0x51,0,1,527,371.0,14.608,-9,11317,2
65,0x51,0,1,528,449.5,17.698,-8,11493,4
66,0x51,0,1,528,488.8,19.243,-9,11669,5
67,0x51,0,1,528,508.4,20.015,-8,11845,5
68,0x51,0,1,527,518.2,20.401,-8,12021,5
69,0x51,0,1,528,523.1,20.594,-8,12197,5
70,0x51,0,1,528,525.5,20.691,-8,12372,5
71,0x51,0,1,528,526.8,20.739,-9,12548,5
72,0x51,0,1,529,527.4,20.763,-9,12723,5
73,0x51,0,1,528,527.7,20.775,-8,12898,5
74,0x51,0,1,527,527.8,20.781,-8,13074,5
75,0x51,0,1,528,527.9,20.784,-8,13249,5
76,0x51,0,1,527,527.5,20.766,-8,13425,5
77,0x51,0,1,528,527.7,20.777,-9,13600,5
78,0x51,0,1,527,527.4,20.762,-8,13775,5
79,0x51,0,1,528,527.7,20.775,-8,13950,5
80,0x51,0,1,528,527.8,20.781,-8,14126,5
81,0x51,0,1,528,527.9,20.784,-9,14302,5
82,0x51,0,1,527,528.0,20.786,-8,14478,5
83,0x51,0,1,527,527.5,20.767,-9,14654,5
84,0x51,0,1,528,527.2,20.757,-9,14829,5
85,0x51,0,1,529,527.6,20.772,-8,15004,5
86,0x51,0,1,528,527.8,20.78,-9,15179,5
87,0x51,0,1,528,527.9,20.784,-8,15355,5
88,0x51,0,1,527,528.0,20.786,-8,15531,5
89,0x51,0,1,527,527.5,20.767,-9,15707,5
90,0x51,0,1,528,527.2,20.757,-9,15883,5
91,0x51,0,1,527,527.1,20.753,-8,16058,5
92,0x51,0,1,527,527.1,20.75,-8,16234,5
93,0x51,0,1,528,527.0,20.749,-8,16410,5
94,0x51,0,1,526,527.0,20.749,-9,16585,5
95,0x51,0,1,527,527.0,20.748,-8,16761,5
96,0x51,0,1,528,527.0,20.748,-8,16937,5
97,0x51,0,1,526,527.0,20.748,-8,17113,5
98,0x51,0,1,527,527.0,20.748,-8,17288,5
99,0x51,0,1,527,527.0,20.748,-8,17464,5
100,0x51,0,1,527,527.0,20.748,-8,17639,5
101,0x51,0,1,528,527.0,20.748,-9,17814,5
102,0x51,0,1,527,527.0,20.748,-9,17989,5
103,0x51,0,1,528,527.5,20.768,-8,18164,5
104,0x51,0,1,529,527.8,20.778,-8,18339,5
105,0x51,0,1,528,527.9,20.782,-8,18515,5
106,0x51,0,1,528,527.9,20.785,-8,18690,5
107,0x51,0,1,528,528.0,20.786,-8,18866,5
108,0x51,0,1,529,528.0,20.787,-8,19042,5
109,0x51,0,1,527,528.0,20.787,-8,19218,5
110,0x51,0,1,528,528.0,20.787,-9,19394,5
111,0x51,0,1,529,528.0,20.787,-8,19569,5
112,0x51,0,1,528,528.0,20.787,-9,19745,5
113,0x51,0,1,528,528.0,20.787,-8,19921,5
114,0x51,0,1,527,528.0,20.787,-8,20097,5
115,0x51,0,1,527,527.5,20.768,-8,20273,5
116,0x51,0,1,527,527.2,20.758,-8,20448,5
117,0x51,0,1,528,527.1,20.753,-8,20623,5
118,0x51,0,1,529,527.6,20.77,-8,20799,5
119,0x51,0,1,528,527.8,20.779,-9,20975,5
120,0x51,0,1,529,528.4,20.803,-8,21150,5
121,0x51,0,1,528,528.2,20.795,-8,21325,5
122,0x51,0,1,528,528.1,20.791,-9,21501,5
123,0x51,0,1,528,528.0,20.789,-9,21676,5
124,0x51,0,1,529,528.0,20.788,-9,21852,5
125,0x51,0,1,528,528.0,20.788,-8,22027,5
126,0x51,0,1,528,528.0,20.788,-9,22202,5
127,0x51,0,1,527,528.0,20.788,-8,22378,5
128,0x51,0,1,527,527.5,20.768,-8,22554,5
129,0x51,0,1,527,527.3,20.758,-8,22730,5
130,0x51,0,1,527,527.1,20.753,-8,22905,5
131,0x51,0,1,529,527.1,20.75,-8,23081,5
132,0x51,0,1,529,528.0,20.789,-8,23256,5
133,0x51,0,1,527,528.5,20.808,-8,23431,5
134,0x51,0,1,527,527.8,20.778,-9,23607,5
135,0x51,0,1,529,527.4,20.763,-9,23783,5
136,0x51,0,1,528,527.7,20.775,-8,23958,5
137,0x51,0,1,528,527.8,20.781,-8,24134,5
138,0x51,0,1,528,527.9,20.784,-8,24309,5
139,0x51,0,1,527,528.0,20.786,-9,24484,5
140,0x51,0,1,526,527.5,20.767,-8,24659,5
141,0x51,0,1,527,527.2,20.757,-8,24834,5
142,0x51,0,1,527,527.1,20.753,-8,25009,5
143,0x51,0,1,529,527.1,20.75,-9,25185,5
144,0x51,0,1,528,527.5,20.769,-8,25361,5
145,0x51,0,1,527,527.8,20.778,-8,25537,5
146,0x51,0,1,528,527.9,20.783,-8,25712,5
147,0x51,0,1,527,527.4,20.765,-8,25888,5
148,0x51,0,1,529,527.7,20.776,-8,26064,5
149,0x51,0,1,528,527.9,20.782,-9,26239,5
150,0x51,0,1,529,528.4,20.804,-8,26415,5
151,0x51,0,1,527,528.2,20.796,-9,26590,5
152,0x51,0,1,528,528.1,20.792,-8,26766,5
153,0x51,0,1,529,528.1,20.79,-8,26941,5
154,0x51,0,1,529,528.5,20.808,-9,27117,5
155,0x51,0,1,527,528.8,20.817,-8,27293,5
156,0x51,0,1,528,528.4,20.802,-8,27469,5
157,0x51,0,1,528,528.2,20.795,-8,27644,5
158,0x51,0,1,529,528.1,20.791,-8,27819,5
159,0x51,0,1,527,528.0,20.789,-8,27994,5
160,0x51,0,1,527,527.5,20.769,-8,28169,5
161,0x51,0,1,527,527.3,20.758,-8,28345,5
162,0x51,0,1,528,527.1,20.753,-8,28520,5
163,0x51,0,1,529,527.6,20.77,-8,28696,5
164,0x51,0,1,529,528.3,20.799,-8,28871,5
165,0x51,0,1,528,528.6,20.813,-9,29047,5
166,0x51,0,1,527,528.3,20.8,-9,29223,5
167,0x51,0,1,528,528.2,20.794,-8,29399,5
168,0x51,0,1,528,528.1,20.791,-8,29574,5
169,0x51,0,1,529,528.0,20.789,-8,29750,5
170,0x51,0,1,528,528.0,20.788,-8,29926,5
171,0x51,0,1,529,528.5,20.807,-8,30102,5
172,0x51,0,1,528,528.3,20.797,-8,30277,5
173,0x51,0,1,527,528.1,20.792,-8,30453,5
174,0x51,0,1,527,527.6,20.77,-9,30628,5
175,0x51,0,1,528,527.3,20.759,-8,30803,5
176,0x51,0,1,529,527.6,20.773,-8,30979,5
177,0x51,0,1,529,528.3,20.8,-8,31154,5
178,0x51,0,1,528,528.7,20.813,-9,31330,5
179,0x51,0,1,528,528.3,20.8,-8,31505,5
180,0x51,0,1,528,528.2,20.794,-8,31680,5
181,0x51,0,1,529,528.1,20.791,-8,31855,5
182,0x51,0,1,528,528.0,20.789,-9,32031,5
183,0x51,0,1,529,528.5,20.808,-9,32207,5
184,0x51,0,1,530,528.8,20.817,-15,32383,5
185,0x51,0,2,235,528.9,20.822,-27,32559,5
186,0x51,0,2,230,381.9,15.037,-27,32735,3
187,0x51,0,1,196,306.0,12.046,-21,32910,1
188,0x51,0,2,314,268.0,10.551,-25,33086,1
189,0x51,0,1,228,248.0,9.763,-32,33262,1
190,0x51,0,1,201,238.0,9.37,-23,33436,1
191,0x51,0,2,242,233.0,9.173,-30,33610,1
192,0x51,0,3,274,237.5,9.35,-27,33784,1
193,0x51,0,1,223,239.7,9.439,-32,33957,1
194,0x51,0,1,184,231.4,9.109,-39,34131,1
195,0x51,0,1,297,227.2,8.944,-22,34305,1
196,0x51,0,1,526,262.1,10.319,-9,34478,1
197,0x51,0,1,300,281.0,11.065,-25,34653,1
198,0x51,0,1,184,290.5,11.438,-27,34828,1
199,0x51,0,2,249,269.8,10.621,-34,35004,1
200,0x51,0,2,275,259.4,10.212,-27,35180,1
201,0x51,0,1,214,254.2,10.007,-28,35356,1
202,0x51,0,2,217,235.6,9.275,-34,35532,1
203,0x51,0,2,339,226.3,8.909,-26,35706,1
204,0x51,0,1,291,258.6,10.183,-27,35880,1
205,0x51,0,0,-1,258.6,10.183,0,36055,1
206,0x51,0,2,217,274.8,10.82,-26,36234,1
207,0x51,0,2,308,282.9,11.138,-24,36410,1
208,0x51,0,1,257,270.0,10.628,-37,36586,1
209,0x51,0,1,198,263.5,10.373,-32,36762,1
210,0x51,0,3,259,260.2,10.246,-32,36938,1
211,0x51,0,2,239,249.6,9.828,-23,37114,1
212,0x51,0,1,244,246.8,9.717,-33,37287,1
213,0x51,0,1,197,242.9,9.563,-32,37461,1
214,0x51,0,2,317,243.5,9.585,-27,37635,1
215,0x51,0,1,227,235.2,9.261,-33,37809,1
216,0x51,0,0,-1,235.2,9.261,0,37982,1
217,0x51,0,1,288,261.6,10.3,-25,38160,1
218,0x51,0,1,528,274.8,10.819,-14,38336,1
219,0x51,0,1,244,281.4,11.079,-35,38512,1
220,0x51,0,1,236,262.7,10.343,-38,38688,1
221,0x51,0,2,364,253.4,9.974,-29,38864,1
222,0x51,0,3,281,267.2,10.519,-29,39038,1
223,0x51,0,0,-1,267.2,10.519,0,39213,1
224,0x51,0,1,204,274.1,10.791,-29,39392,1
225,0x51,0,2,300,277.5,10.927,-32,39568,1
226,0x51,0,2,207,242.3,9.538,-24,39744,1
227,0x51,0,0,-1,242.3,9.538,0,39916,1
228,0x51,0,2,274,258.1,10.163,-32,40095,1
229,0x51,0,3,281,266.1,10.475,-27,40271,1
230,0x51,0,1,184,270.0,10.631,-36,40447,1
231,0x51,0,2,178,227.0,8.938,-30,40623,1
232,0x51,0,2,223,205.5,8.091,-33,40797,1
233,0x51,0,3,235,214.3,8.435,-31,40971,1
234,0x51,0,1,242,224.6,8.844,-36,41144,1
235,0x51,0,1,187,229.8,9.048,-22,41317,1
236,0x51,0,2,227,228.4,8.992,-31,41491,1
237,0x51,0,2,189,208.7,8.217,-41,41665,1
238,0x51,0,1,232,217.9,8.577,-31,41839,1
239,0x51,0,3,251,224.9,8.855,-29,42013,1
240,0x51,0,2,374,238.0,9.369,-24,42187,1
241,0x51,0,1,528,306.0,12.047,-8,42361,1
242,0x51,0,1,245,340.0,13.385,-31,42537,2
243,0x51,0,1,204,292.5,11.516,-23,42713,1
244,0x51,0,3,248,268.7,10.581,-29,42889,1
245,0x51,0,2,252,258.4,10.172,-29,43065,1
246,0x51,0,1,209,253.2,9.968,-29,43241,1
247,0x51,0,2,228,240.6,9.472,-27,43415,1
248,0x51,0,1,528,234.3,9.224,-8,43589,1
249,0x51,0,1,528,381.1,15.006,-8,43763,3
250,0x51,0,1,528,454.6,17.897,-8,43939,4
251,0x51,0,1,527,491.3,19.342,-8,44114,5
252,0x51,0,1,528,509.6,20.065,-9,44290,5
253,0x51,0,1,527,518.3,20.406,-8,44466,5
254,0x51,0,1,527,522.7,20.577,-8,44642,5
255,0x51,0,1,528,524.8,20.663,-8,44818,5
256,0x51,0,1,528,526.4,20.725,-8,44994,5
257,0x51,0,1,527,527.2,20.756,-9,45169,5
258,0x51,0,1,528,527.6,20.772,-8,45345,5
259,0x51,0,1,528,527.8,20.78,-8,45521,5
260,0x51,0,1,529,527.9,20.784,-8,45696,5
261,0x51,0,1,528,528.0,20.785,-8,45872,5
262,0x51,0,1,526,528.0,20.786,-9,46048,5
263,0x51,0,2,379,527.0,20.748,-22,46224,5
264,0x51,0,2,349,453.0,17.834,-29,46400,4
265,0x51,0,2,352,402.5,15.846,-31,46576,3
266,0x51,0,1,529,377.2,14.852,-8,46752,2
267,0x51,0,1,529,453.1,17.84,-8,46927,4
268,0x51,0,1,528,491.1,19.333,-8,47102,5
269,0x51,0,2,252,509.5,20.06,-34,47278,5
270,0x51,0,2,243,380.8,14.991,-35,47454,2
271,0x51,0,3,248,314.4,12.377,-36,47630,1
272,0x51,0,2,298,281.2,11.071,-27,47805,1
273,0x51,0,1,529,289.6,11.401,-8,47980,1
274,0x51,0,2,254,293.8,11.567,-34,48156,1
275,0x51,0,3,247,273.9,10.783,-36,48332,1
276,0x51,0,2,305,263.9,10.392,-27,48508,1
277,0x51,0,2,305,284.5,11.2,-26,48684,1
278,0x51,0,2,306,294.7,11.604,-27,48860,1
279,0x51,0,3,252,299.9,11.806,-35,49036,1
280,0x51,0,2,307,302.9,11.927,-28,49212,1
281,0x51,0,2,312,305.0,12.007,-28,49388,1
282,0x51,0,1,528,308.5,12.145,-8,49564,1
283,0x51,0,2,304,310.2,12.214,-33,49740,1
284,0x51,0,2,311,310.6,12.229,-31,49916,1
285,0x51,0,2,311,310.8,12.237,-30,50092,1
286,0x51,0,2,308,310.9,12.24,-28,50268,1
287,0x51,0,2,311,311.0,12.242,-30,50444,1
288,0x51,0,2,309,310.0,12.204,-27,50620,1
289,0x51,0,2,306,309.5,12.185,-27,50796,1
290,0x51,0,2,272,307.7,12.116,-35,50972,1
291,0x51,0,2,290,298.9,11.767,-34,51148,1
292,0x51,0,2,292,294.4,11.592,-31,51324,1
293,0x51,0,2,296,293.2,11.544,-29,51500,1
294,0x51,0,2,299,294.6,11.599,-33,51676,1
295,0x51,0,1,528,296.8,11.685,-8,51852,1
296,0x51,0,1,528,412.4,16.236,-8,52028,3
297,0x51,0,1,528,470.2,18.512,-9,52203,4
298,0x51,0,1,527,499.1,19.65,-8,52379,5
299,0x51,0,1,529,513.6,20.219,-8,52554,5
300,0x51,0,1,528,520.8,20.503,-8,52730,5
301,0x51,0,1,528,524.4,20.645,-8,52906,5
302,0x51,0,1,529,526.2,20.716,-8,53081,5
303,0x51,0,1,528,527.1,20.752,-8,53256,5
304,0x51,0,1,528,527.5,20.77,-8,53432,5
305,0x51,0,1,529,527.8,20.779,-8,53608,5
306,0x51,0,1,529,528.4,20.803,-8,53783,5
307,0x51,0,1,529,528.7,20.815,-8,53958,5
308,0x51,0,1,529,528.8,20.821,-8,54134,5
309,0x51,0,1,527,528.9,20.824,-8,54310,5
310,0x51,0,1,528,528.5,20.806,-9,54486,5
311,0x51,0,1,528,528.2,20.796,-8,54661,5
312,0x51,0,1,528,528.1,20.792,-8,54836,5
313,0x51,0,1,529,528.1,20.79,-8,55012,5
314,0x51,0,1,527,528.0,20.789,-8,55188,5
315,0x51,0,1,528,528.0,20.788,-8,55364,5
316,0x51,0,1,528,528.0,20.788,-8,55540,5
317,0x51,0,1,528,528.0,20.788,-9,55716,5
318,0x51,0,2,331,528.0,20.787,-30,55892,5
319,0x51,0,2,321,429.5,16.909,-30,56068,3
320,0x51,0,2,308,375.3,14.774,-31,56244,2
321,0x51,0,2,315,345.1,13.588,-25,56420,2
322,0x51,0,2,316,330.1,12.995,-26,56596,1
323,0x51,0,2,329,323.0,12.718,-22,56772,1
324,0x51,0,2,328,325.5,12.816,-23,56948,1
325,0x51,0,2,326,326.8,12.864,-23,57124,1
326,0x51,0,2,325,326.4,12.85,-25,57300,1
327,0x51,0,2,325,325.7,12.822,-26,57476,1
328,0x51,0,2,324,325.3,12.809,-26,57652,1
329,0x51,0,2,322,324.7,12.782,-25,57828,1
330,0x51,0,2,322,323.3,12.73,-25,58004,1
331,0x51,0,2,322,322.7,12.703,-28,58180,1
332,0x51,0,2,323,322.3,12.69,-27,58356,1
333,0x51,0,2,324,322.7,12.703,-29,58532,1
334,0x51,0,1,529,323.3,12.73,-8,58708,1
335,0x51,0,2,324,323.7,12.743,-25,58884,1
336,0x51,0,1,528,425.8,16.765,-8,59060,3
337,0x51,0,1,528,476.9,18.776,-9,59235,4
338,0x51,0,2,357,502.5,19.782,-29,59411,5
339,0x51,0,1,528,515.2,20.285,-8,59587,5
340,0x51,0,1,528,521.6,20.536,-9,59763,5
341,0x51,0,1,528,524.8,20.662,-8,59939,5
342,0x51,0,1,530,526.4,20.725,-8,60114,5
343,0x51,0,2,368,527.2,20.756,-32,60289,5
344,0x51,0,2,343,447.6,17.622,-29,60465,4
345,0x51,0,2,332,395.3,15.563,-26,60641,3
346,0x51,0,1,529,369.2,14.533,-8,60816,2
347,0x51,0,1,527,448.1,17.641,-8,60991,4
348,0x51,0,2,327,487.5,19.194,-26,61167,5
349,0x51,0,2,333,410.3,16.152,-28,61343,3
350,0x51,0,2,292,368.6,14.513,-35,61519,2
351,0x51,0,2,303,335.8,13.221,-35,61695,2
352,0x51,0,1,528,319.4,12.575,-8,61870,1
353,0x51,0,1,528,423.7,16.681,-8,62046,3
354,0x51,0,2,319,475.9,18.734,-27,62222,4
355,0x51,0,2,319,397.4,15.647,-28,62398,3
356,0x51,0,2,305,358.2,14.103,-34,62574,2
357,0x51,0,1,529,338.6,13.331,-9,62749,2
358,0x51,0,1,529,433.8,17.079,-8,62925,4
359,0x51,0,1,529,481.4,18.953,-8,63100,4
360,0x51,0,1,528,505.2,19.89,-8,63275,5
361,0x51,0,1,527,516.6,20.339,-8,63451,5
362,0x51,0,2,315,521.8,20.543,-33,63627,5
363,0x51,0,1,528,524.4,20.646,-8,63803,5
364,0x51,0,1,528,526.2,20.717,-9,63978,5
365,0x51,0,2,290,527.1,20.752,-35,64154,5
366,0x51,0,1,529,527.6,20.77,-8,64330,5
367,0x51,0,2,321,424.3,16.704,-28,64506,3
368,0x51,0,1,528,476.1,18.746,-8,64682,4
369,0x51,0,1,527,501.6,19.747,-9,64857,5
370,0x51,0,2,327,514.3,20.247,-23,65033,5
371,0x51,0,2,306,420.6,16.561,-27,65209,3
372,0x51,0,2,287,363.3,14.304,-26,65385,2
373,0x51,0,2,288,325.7,12.821,-22,65561,1
374,0x51,0,2,290,306.8,12.08,-22,65737,1
375,0x51,0,2,282,297.4,11.709,-27,65913,1
376,0x51,0,2,272,289.7,11.406,-21,66089,1
377,0x51,0,2,267,280.9,11.057,-24,66265,1
378,0x51,0,2,266,273.9,10.785,-21,66441,1
379,0x51,0,2,270,270.5,10.648,-17,66616,1
380,0x51,0,1,269,269.7,10.619,-17,66792,1
381,0x51,0,2,271,269.9,10.625,-21,66968,1
382,0x51,0,2,280,270.4,10.647,-22,67144,1
383,0x51,0,2,283,275.2,10.835,-20,67320,1
384,0x51,0,2,282,278.6,10.969,-22,67496,1
385,0x51,0,1,278,280.3,11.036,-19,67671,1
386,0x51,0,2,277,279.2,10.99,-25,67847,1
387,0x51,0,2,298,278.6,10.968,-26,68023,1
388,0x51,0,2,282,280.3,11.035,-25,68199,1
389,0x51,0,2,278,281.1,11.069,-26,68375,1
390,0x51,0,2,281,281.1,11.066,-21,68551,1
391,0x51,0,2,284,281.0,11.064,-28,68727,1
392,0x51,0,2,303,282.5,11.123,-22,68903,1
393,0x51,0,2,279,283.3,11.152,-26,69079,1
394,0x51,0,2,258,281.1,11.068,-33,69255,1
395,0x51,0,2,295,280.1,11.026,-27,69431,1
396,0x51,0,2,264,272.0,10.71,-32,69607,1
397,0x51,0,2,303,283.5,11.162,-31,69783,1
398,0x51,0,2,256,273.8,10.778,-33,69959,1
399,0x51,0,2,258,265.9,10.468,-32,70135,1
400,0x51,0,1,530,261.9,10.313,-8,70310,1
401,0x51,0,2,299,280.5,11.042,-22,70486,1
402,0x51,0,2,291,289.7,11.407,-27,70662,1
403,0x51,0,2,277,290.4,11.432,-23,70838,1
404,0x51,0,2,264,283.7,11.169,-28,71014,1
405,0x51,0,1,252,273.8,10.781,-30,71190,1
406,0x51,0,1,284,268.9,10.587,-20,71366,1
407,0x51,0,1,280,274.5,10.806,-17,71542,1
408,0x51,0,2,287,279.2,10.993,-19,71718,1
409,0x51,0,3,252,279.6,11.008,-31,71894,1
410,0x51,0,1,287,283.3,11.154,-23,72070,1
411,0x51,0,2,290,285.2,11.227,-24,72246,1
412,0x51,0,2,264,286.1,11.263,-30,72422,1
413,0x51,0,2,324,288.0,11.34,-20,72598,1
414,0x51,0,2,263,276.0,10.867,-30,72774,1
415,0x51,0,2,314,295.0,11.615,-24,72950,1
416,0x51,0,2,342,304.5,11.988,-26,73126,1
417,0x51,0,2,321,312.8,12.313,-25,73302,1
418,0x51,0,3,260,316.9,12.475,-21,73478,1
419,0x51,0,1,222,288.4,11.356,-22,73654,1
420,0x51,0,1,198,255.2,10.048,-23,73830,1
421,0x51,0,3,184,226.6,8.922,-27,74006,1
422,0x51,0,3,188,207.3,8.162,-23,74180,1
423,0x51,0,2,182,195.7,7.703,-23,74354,1
424,0x51,0,2,182,188.8,7.434,-31,74528,1
425,0x51,0,0,-1,188.8,7.434,0,74701,1
426,0x51,0,1,200,185.4,7.3,-34,74880,1
427,0x51,0,2,194,189.7,7.469,-34,75054,1
428,0x51,0,2,184,191.9,7.553,-27,75228,1
429,0x51,0,1,187,189.4,7.458,-25,75402,1
430,0x51,0,1,182,186.7,7.351,-26,75576,1
431,0x51,0,1,191,186.9,7.357,-28,75749,1
432,0x51,0,2,195,188.9,7.438,-27,75923,1
433,0x51,0,2,199,192.0,7.558,-28,76097,1
434,0x51,0,1,188,193.5,7.617,-27,76271,1
435,0x51,0,1,201,196.2,7.726,-23,76444,1
436,0x51,0,1,195,195.6,7.702,-23,76618,1
437,0x51,0,1,200,197.8,7.788,-22,76792,1
438,0x51,0,1,204,198.9,7.831,-24,76966,1
439,0x51,0,2,223,201.5,7.931,-20,77140,1
440,0x51,0,1,249,212.2,8.355,-25,77314,1
441,0x51,0,2,232,222.1,8.745,-31,77488,1
442,0x51,0,1,244,233.1,9.175,-27,77661,1
443,0x51,0,1,257,238.5,9.391,-27,77834,1
444,0x51,0,2,269,247.8,9.754,-26,78008,1
445,0x51,0,1,267,257.4,10.133,-28,78182,1
446,0x51,0,3,261,262.2,10.322,-31,78358,1
447,0x51,0,2,304,264.6,10.417,-30,78534,1
448,0x51,0,0,-1,264.6,10.417,0,78709,1
449,0x51,0,2,337,284.3,11.193,-27,78888,1
450,0x51,0,3,346,310.6,12.23,-24,79064,1
451,0x51,0,2,356,328.3,12.926,-23,79240,1
452,0x51,0,1,371,342.2,13.471,-23,79416,2
453,0x51,0,1,365,353.6,13.921,-24,79591,2
454,0x51,0,1,369,361.3,14.224,-29,79767,2
455,0x51,0,1,537,365.1,14.376,-18,79942,2
456,0x51,0,0,-1,365.1,14.376,0,80116,2
457,0x51,0,1,868,451.1,17.759,-20,80295,4
458,0x51,0,1,404,494.0,19.45,-23,80471,5
459,0x51,0,1,399,449.0,17.678,-21,80647,4
460,0x51,0,1,395,424.0,16.693,-21,80823,3
461,0x51,0,1,399,411.5,16.201,-20,80999,3
462,0x51,0,1,395,403.3,15.876,-20,81175,3
463,0x51,0,1,398,400.6,15.773,-23,81351,3
464,0x51,0,1,399,399.3,15.721,-24,81526,3
465,0x51,0,2,397,398.7,15.695,-23,81702,3
466,0x51,0,1,398,398.3,15.682,-25,81878,3
467,0x51,0,1,402,398.2,15.676,-27,82054,3
468,0x51,0,1,410,400.1,15.751,-21,82229,3
469,0x51,0,1,411,405.0,15.946,-21,82405,3
470,0x51,0,1,409,407.5,16.044,-17,82580,3
471,0x51,0,1,408,408.3,16.073,-17,82755,3
472,0x51,0,1,405,408.1,16.068,-18,82931,3
473,0x51,0,1,414,408.1,16.066,-26,83107,3
474,0x51,0,1,529,411.0,16.182,-9,83283,3
475,0x51,0,1,528,469.5,18.485,-9,83458,4
476,0x51,0,1,528,498.8,19.636,-8,83634,5
477,0x51,0,1,528,513.4,20.212,-8,83810,5
478,0x51,0,1,528,520.7,20.5,-8,83985,5
479,0x51,0,1,528,524.3,20.643,-8,84161,5
480,0x51,0,1,528,526.2,20.715,-9,84337,5
481,0x51,0,1,529,527.1,20.751,-8,84513,5
482,0x51,0,1,528,527.5,20.769,-9,84689,5
483,0x51,0,1,527,527.8,20.778,-8,84865,5
484,0x51,0,1,530,527.9,20.783,-8,85041,5
485,0x51,0,1,528,527.9,20.785,-8,85216,5
486,0x51,0,1,529,528.5,20.806,-8,85392,5
487,0x51,0,1,528,528.2,20.797,-8,85568,5
488,0x51,0,1,528,528.1,20.792,-8,85744,5
489,0x51,0,1,528,528.1,20.79,-8,85919,5
490,0x51,0,1,528,528.0,20.789,-8,86095,5
491,0x51,0,1,528,528.0,20.788,-9,86270,5
492,0x51,0,1,529,528.0,20.788,-8,86445,5
493,0x51,0,1,528,528.0,20.788,-8,86620,5
494,0x51,0,1,528,528.0,20.787,-9,86795,5
495,0x51,0,1,528,528.0,20.787,-8,86971,5
496,0x51,0,1,530,528.0,20.787,-8,87146,5
497,0x51,0,1,528,528.0,20.787,-8,87321,5
498,0x51,0,1,528,528.0,20.787,-8,87497,5
499,0x51,0,1,527,528.0,20.787,-8,87673,5
500,0x51,0,1,529,528.0,20.787,-8,87848,5
501,0x51,0,1,528,528.0,20.787,-8,88024,5
502,0x51,0,1,529,528.5,20.807,-8,88199,5
503,0x51,0,1,527,528.2,20.797,-8,88375,5
504,0x51,0,1,528,528.1,20.792,-8,88550,5
505,0x51,0,1,528,528.1,20.79,-8,88726,5
506,0x51,0,1,528,528.0,20.789,-8,88901,5
507,0x51,0,1,529,528.0,20.788,-9,89076,5
508,0x51,0,1,529,528.5,20.807,-8,89251,5
509,0x51,0,1,528,528.8,20.817,-8,89426,5
510,0x51,0,1,529,528.9,20.822,-9,89601,5
511,0x51,0,1,527,528.4,20.805,-8,89776,5
512,0x51,0,1,528,528.2,20.796,-8,89952,5
513,0x51,0,1,529,528.1,20.792,-8,90128,5
514,0x51,0,1,529,528.6,20.809,-8,90304,5
515,0x51,0,1,529,528.8,20.818,-8,90480,5
516,0x51,0,1,527,528.9,20.822,-9,90656,5
517,0x51,0,1,528,528.4,20.805,-8,90831,5
518,0x51,0,1,528,528.2,20.796,-8,91007,5
519,0x51,0,1,528,528.1,20.792,-9,91183,5
520,0x51,0,1,527,528.1,20.79,-8,91359,5
521,0x51,0,1,528,528.0,20.788,-9,91535,5
522,0x51,0,1,527,527.5,20.768,-8,91710,5
523,0x51,0,1,528,527.8,20.778,-8,91886,5
524,0x51,0,1,527,527.4,20.763,-9,92062,5
525,0x51,0,1,528,527.7,20.775,-8,92237,5
526,0x51,0,1,528,527.8,20.781,-9,92412,5
527,0x51,0,1,529,527.9,20.784,-8,92587,5
528,0x51,0,1,529,528.5,20.806,-9,92763,5
529,0x51,0,1,527,528.7,20.816,-8,92938,5
530,0x51,0,1,528,528.4,20.802,-8,93113,5
531,0x51,0,1,530,528.2,20.795,-8,93289,5
532,0x51,0,1,529,528.6,20.811,-8,93464,5
533,0x51,0,1,527,528.8,20.819,-8,93640,5
534,0x51,0,1,529,528.9,20.823,-8,93815,5
535,0x51,0,1,529,528.9,20.825,-8,93991,5
536,0x51,0,1,529,529.0,20.826,-8,94166,5
537,0x51,0,1,531,529.0,20.826,-8,94342,5
538,0x51,0,1,528,529.0,20.827,-8,94517,5
539,0x51,0,1,526,528.5,20.807,-8,94693,5
540,0x51,0,1,528,528.2,20.797,-9,94869,5
541,0x51,0,1,527,527.6,20.773,-9,95045,5
542,0x51,0,1,529,527.8,20.78,-8,95221,5
543,0x51,0,1,527,527.4,20.764,-8,95397,5
544,0x51,0,1,528,527.7,20.776,-8,95573,5
545,0x51,0,1,528,527.9,20.782,-9,95749,5
546,0x51,0,1,529,527.9,20.784,-8,95925,5
547,0x51,0,1,528,528.0,20.786,-8,96100,5
548,0x51,0,1,529,528.5,20.806,-8,96276,5
549,0x51,0,1,529,528.7,20.817,-8,96451,5
550,0x51,0,1,528,528.9,20.822,-8,96627,5
551,0x51,0,1,529,528.9,20.824,-8,96802,5
552,0x51,0,1,528,528.5,20.806,-8,96977,5
553,0x51,0,1,528,528.2,20.797,-8,97153,5
554,0x51,0,1,528,528.1,20.792,-9,97329,5
555,0x51,0,1,529,528.1,20.79,-8,97504,5
