frame id,address,retcode,numDistances,raw_mm,medianEMA_mm,medianEMA_in,p0 str,time now,LED status
360,0x51,0,1,533,538.5,21.2,-19,63617,5
361,0x51,0,1,543,535.7,21.092,-18,63793,5
362,0x51,0,1,525,534.4,21.038,-20,63969,5
363,0x51,0,1,539,536.7,21.129,-24,64145,5
364,0x51,0,1,513,530.8,20.899,-19,64321,5
365,0x51,0,1,517,523.9,20.627,-17,64497,5
366,0x51,0,2,511,518.5,20.412,-19,64673,5
367,0x51,0,1,516,517.2,20.363,-18,64849,5
368,0x51,0,1,547,516.6,20.339,-18,65025,5
369,0x51,0,1,518,517.3,20.366,-12,65201,5
370,0x51,0,1,521,519.2,20.439,-15,65377,5
371,0x51,0,1,577,520.1,20.475,-23,65553,5
372,0x51,0,1,533,526.5,20.73,-23,65729,5
373,0x51,0,1,532,529.8,20.857,-15,65905,5
374,0x51,0,1,524,530.9,20.901,-18,66081,5
375,0x51,0,0,-1,530.9,20.901,0,66256,5
376,0x51,0,1,525,527.9,20.785,-13,66435,5
377,0x51,0,1,534,526.5,20.727,-17,66611,5
378,0x51,0,1,521,525.7,20.698,-14,66787,5
379,0x51,0,1,526,525.9,20.703,-15,66963,5
380,0x51,0,1,531,525.9,20.706,-17,67139,5
381,0x51,0,1,517,526.0,20.707,-20,67315,5
382,0x51,0,0,-1,526.0,20.707,0,67490,5
383,0x51,0,1,537,528.5,20.806,-21,67669,5
384,0x51,0,2,518,523.2,20.6,-13,67845,5
385,0x51,0,2,526,524.6,20.654,-21,68021,5
386,0x51,0,1,528,525.3,20.682,-16,68197,5
387,0x51,0,1,521,525.7,20.695,-20,68373,5
388,0x51,0,1,555,526.8,20.741,-20,68549,5
389,0x51,0,1,530,528.4,20.804,-18,68725,5
390,0x51,0,1,553,540.7,21.288,-22,68901,5
391,0x51,0,1,527,535.4,21.077,-15,69077,5
392,0x51,0,1,525,531.2,20.912,-17,69253,5
393,0x51,0,1,525,528.1,20.791,-17,69429,5
394,0x51,0,1,577,526.5,20.73,-20,69605,5
395,0x51,0,1,558,542.3,21.349,-24,69781,5
396,0x51,0,1,516,550.1,21.659,-20,69957,5
397,0x51,0,1,524,537.1,21.144,-16,70133,5
398,0x51,0,1,544,530.5,20.887,-23,70309,5
399,0x51,0,1,531,530.8,20.896,-18,70485,5
400,0x51,0,0,-1,530.8,20.896,0,70660,5
401,0x51,0,1,525,530.9,20.901,-17,70839,5
402,0x51,0,0,-1,530.9,20.901,0,71014,5
403,0x51,0,1,522,527.9,20.785,-17,71193,5
404,0x51,0,0,-1,527.9,20.785,0,71368,5
405,0x51,0,1,521,525.0,20.668,-18,71547,5
406,0x51,0,0,-1,525.0,20.668,0,71722,5
407,0x51,0,2,536,523.5,20.61,-17,71901,5
408,0x51,0,1,534,528.7,20.817,-20,72077,5
409,0x51,0,0,-1,528.7,20.817,0,72252,5
410,0x51,0,1,518,531.4,20.92,-20,72431,5
411,0x51,0,1,514,524.7,20.657,-14,72607,5
412,0x51,0,1,517,520.8,20.506,-20,72783,5
413,0x51,0,1,522,518.9,20.43,-22,72959,5
414,0x51,0,1,519,519.0,20.432,-17,73135,5
415,0x51,0,1,554,520.5,20.491,-18,73311,5
416,0x51,0,1,517,519.7,20.462,-17,73487,5
417,0x51,0,1,524,521.9,20.546,-15,73663,5
418,0x51,0,1,526,522.9,20.588,-14,73839,5
419,0x51,0,1,539,524.5,20.648,-19,74015,5
420,0x51,0,1,538,531.2,20.915,-15,74191,5
421,0x51,0,0,-1,531.2,20.915,0,74366,5
422,0x51,0,1,531,534.6,21.048,-16,74545,5
423,0x51,0,1,521,532.8,20.977,-20,74721,5
424,0x51,0,0,-1,532.8,20.977,0,74896,5
425,0x51,0,1,521,526.9,20.744,-17,75075,5
426,0x51,0,2,519,524.0,20.628,-16,75251,5
427,0x51,0,0,-1,524.0,20.628,0,75426,5
428,0x51,0,1,519,521.5,20.531,-18,75605,5
429,0x51,0,2,518,520.2,20.482,-16,75781,5
430,0x51,0,1,568,519.6,20.457,-19,75957,5
431,0x51,0,0,-1,519.6,20.457,0,76132,5
432,0x51,0,1,511,518.8,20.426,-20,76311,5
433,0x51,0,1,517,517.9,20.39,-10,76487,5
434,0x51,0,1,517,517.5,20.372,-17,76663,5
435,0x51,0,1,521,517.2,20.363,-19,76839,5
436,0x51,0,1,573,519.1,20.438,-21,77015,5
437,0x51,0,0,-1,519.1,20.438,0,77190,5
438,0x51,0,1,527,523.1,20.593,-15,77369,5
439,0x51,0,1,511,525.0,20.67,-17,77545,5
440,0x51,0,1,536,526.0,20.709,-16,77721,5
441,0x51,0,1,507,518.5,20.414,-19,77897,5
442,0x51,0,1,510,514.3,20.246,-25,78073,5
443,0x51,0,1,532,512.1,20.162,-15,78249,5
444,0x51,0,1,515,513.6,20.219,-22,78425,5
445,0x51,0,1,526,519.8,20.464,-22,78601,5
446,0x51,0,1,580,522.9,20.586,-20,78777,5
447,0x51,0,1,521,524.4,20.647,-17,78953,5
448,0x51,0,1,516,522.7,20.58,-19,79129,5
449,0x51,0,1,524,521.9,20.546,-20,79305,5
450,0x51,0,0,-1,521.9,20.546,0,79480,5
451,0x51,0,1,523,522.4,20.568,-15,79659,5
452,0x51,0,1,532,523.2,20.599,-18,79835,5
453,0x51,0,1,534,527.6,20.772,-17,80011,5
454,0x51,0,1,532,529.8,20.858,-20,80187,5
455,0x51,0,1,524,530.9,20.902,-20,80363,5
456,0x51,0,1,524,527.5,20.766,-15,80539,5
457,0x51,0,1,553,525.7,20.698,-20,80715,5
458,0x51,0,1,524,524.9,20.664,-14,80891,5
459,0x51,0,1,525,524.9,20.667,-18,81067,5
460,0x51,0,0,-1,524.9,20.667,0,81242,5
461,0x51,0,1,525,525.0,20.668,-16,81421,5
462,0x51,0,1,517,525.0,20.669,-22,81597,5
463,0x51,0,1,520,522.5,20.571,-18,81773,5
464,0x51,0,1,503,519.7,20.462,-21,81949,5
465,0x51,0,1,512,515.9,20.31,-19,82125,5
466,0x51,0,1,563,513.9,20.234,-22,82301,5
467,0x51,0,1,494,513.0,20.196,-24,82477,5
468,0x51,0,1,512,512.5,20.177,-21,82653,5
469,0x51,0,0,-1,512.5,20.177,0,82828,5
470,0x51,0,1,498,505.2,19.891,-17,83007,5
471,0x51,0,0,-1,505.2,19.891,0,83182,5
472,0x51,0,1,511,508.1,20.005,-15,83361,5
473,0x51,0,1,536,509.6,20.061,-17,83537,5
474,0x51,0,2,499,510.3,20.09,-18,83713,5
475,0x51,0,1,528,519.1,20.439,-20,83889,5
476,0x51,0,1,536,523.6,20.613,-16,84065,5
477,0x51,0,1,525,525.8,20.7,-20,84241,5
478,0x51,0,1,532,528.9,20.823,-18,84417,5
479,0x51,0,2,514,526.9,20.746,-19,84593,5
480,0x51,0,1,538,529.5,20.845,-20,84769,5
481,0x51,0,1,541,533.7,21.013,-17,84945,5
482,0x51,0,1,508,535.9,21.097,-19,85121,5
483,0x51,0,1,520,527.9,20.785,-18,85297,5
484,0x51,0,1,516,522.0,20.55,-14,85473,5
485,0x51,0,1,514,519.0,20.432,-18,85649,5
486,0x51,0,1,537,517.5,20.374,-18,85825,5
487,0x51,0,0,-1,517.5,20.374,0,86000,5
488,0x51,0,0,-1,517.5,20.374,0,86178,5
489,0x51,0,1,510,515.7,20.305,-19,86357,5
490,0x51,0,1,521,518.4,20.408,-12,86533,5
491,0x51,0,1,514,516.2,20.322,-15,86709,5
492,0x51,0,1,526,518.6,20.417,-16,86885,5
493,0x51,0,1,531,522.3,20.563,-19,87061,5
494,0x51,0,1,520,524.1,20.636,-22,87237,5
495,0x51,0,1,550,527.6,20.771,-23,87413,5
496,0x51,0,0,-1,527.6,20.771,0,87588,5
497,0x51,0,1,537,532.3,20.956,-17,87767,5
498,0x51,0,1,531,534.6,21.049,-22,87943,5
499,0x51,0,1,539,535.8,21.095,-22,88119,5
500,0x51,0,1,516,533.4,21.0,-19,88295,5
501,0x51,0,1,530,531.7,20.933,-16,88471,5
502,0x51,0,0,-1,531.7,20.933,0,88646,5
503,0x51,0,1,513,523.9,20.624,-22,88825,5
504,0x51,0,1,550,526.9,20.745,-18,89001,5
505,0x51,0,1,511,520.0,20.471,-18,89177,5
506,0x51,0,1,508,515.5,20.295,-17,89353,5
507,0x51,0,0,-1,515.5,20.295,0,89528,5
508,0x51,0,1,551,513.2,20.206,-18,89707,5
509,0x51,0,0,-1,513.2,20.206,0,89882,5
510,0x51,0,1,518,515.6,20.3,-21,90061,5
511,0x51,0,1,505,516.8,20.347,-21,90237,5
512,0x51,0,1,516,516.4,20.331,-15,90413,5
513,0x51,0,1,501,510.7,20.106,-21,90589,5
514,0x51,0,0,-1,510.7,20.106,0,90764,5
515,0x51,0,1,511,510.9,20.112,-20,90942,5
516,0x51,0,1,559,510.9,20.115,-24,91118,5
517,0x51,0,1,504,511.0,20.117,-24,91294,5
518,0x51,0,1,514,512.5,20.176,-18,91470,5
519,0x51,0,1,519,513.2,20.206,-19,91646,5
520,0x51,0,0,-1,513.2,20.206,0,91821,5
521,0x51,0,1,507,513.6,20.221,-22,92000,5
522,0x51,0,2,512,512.8,20.189,-18,92176,5
523,0x51,0,1,534,512.4,20.173,-17,92352,5
524,0x51,0,1,521,516.7,20.343,-15,92528,5
525,0x51,0,1,540,525.4,20.683,-21,92704,5
526,0x51,0,1,514,523.2,20.597,-18,92880,5
527,0x51,0,1,515,519.1,20.437,-12,93056,5
528,0x51,0,1,515,517.0,20.356,-13,93232,5
529,0x51,0,1,516,516.0,20.316,-12,93408,5
530,0x51,0,1,514,515.5,20.296,-13,93584,5
531,0x51,0,1,514,514.8,20.266,-12,93760,5
