frame id,address,retcode,numDistances,raw_mm,medianEMA_mm,medianEMA_in,p0 str,time now,LED status
457,0x51,0,2,507,505.9,19.917,-12,81907,5
458,0x51,0,2,511,506.2,19.93,-10,82086,5
459,0x51,0,2,512,507.7,19.987,-10,82265,5
460,0x51,0,2,514,509.0,20.038,-9,82444,5
461,0x51,0,2,509,509.9,20.074,-10,82623,5
462,0x51,0,2,509,509.6,20.063,-10,82802,5
463,0x51,0,2,507,509.4,20.056,-11,82981,5
464,0x51,0,2,507,508.7,20.028,-11,83160,5
465,0x51,0,1,507,508.2,20.007,-10,83339,5
466,0x51,0,2,508,507.8,19.993,-11,83518,5
467,0x51,0,2,510,507.9,19.995,-10,83697,5
468,0x51,0,2,510,508.5,20.02,-11,83876,5
469,0x51,0,2,507,509.0,20.038,-11,84055,5
470,0x51,0,1,508,508.7,20.027,-11,84234,5
471,0x51,0,1,507,508.2,20.007,-10,84413,5
472,0x51,0,1,509,508.1,20.005,-9,84592,5
473,0x51,0,1,506,507.8,19.992,-11,84771,5
474,0x51,0,2,510,508.1,20.006,-10,84950,5
475,0x51,0,2,509,508.4,20.016,-12,85129,5
476,0x51,0,2,516,508.9,20.035,-9,85308,5
477,0x51,0,1,510,509.2,20.048,-9,85487,5
478,0x51,0,1,515,511.0,20.116,-8,85666,5
479,0x51,0,1,510,510.7,20.105,-9,85845,5
480,0x51,0,2,509,510.5,20.097,-7,86024,5
481,0x51,0,1,509,510.0,20.08,-9,86203,5
482,0x51,0,1,509,509.7,20.068,-11,86382,5
483,0x51,0,2,509,509.5,20.059,-10,86561,5
484,0x51,0,1,509,509.4,20.053,-10,86740,5
485,0x51,0,1,508,509.2,20.049,-10,86919,5
486,0x51,0,2,506,508.9,20.034,-11,87098,5
487,0x51,0,2,510,508.6,20.024,-10,87277,5
488,0x51,0,2,511,509.0,20.04,-11,87456,5
489,0x51,0,2,510,509.3,20.052,-10,87635,5
490,0x51,0,2,514,509.8,20.072,-9,87814,5
491,0x51,0,2,511,510.2,20.086,-8,87993,5
492,0x51,0,2,510,510.4,20.095,-9,88172,5
493,0x51,0,2,509,510.3,20.09,-9,88351,5
494,0x51,0,2,509,509.9,20.075,-8,88530,5
495,0x51,0,2,514,509.6,20.064,-7,88709,5
496,0x51,0,1,507,509.4,20.057,-10,88888,5
497,0x51,0,1,506,508.7,20.028,-11,89067,5
498,0x51,0,2,508,508.2,20.008,-10,89246,5
499,0x51,0,1,506,507.5,19.982,-10,89425,5
500,0x51,0,2,517,507.7,19.987,-8,89604,5
501,0x51,0,2,514,509.6,20.062,-9,89783,5
502,0x51,0,2,511,510.9,20.114,-10,89962,5
503,0x51,0,2,512,511.2,20.127,-11,90141,5
504,0x51,0,1,508,511.2,20.124,-10,90320,5
505,0x51,0,2,506,510.2,20.087,-10,90499,5
506,0x51,0,2,508,509.5,20.061,-10,90678,5
507,0x51,0,2,510,509.1,20.043,-11,90857,5
508,0x51,0,2,509,509.1,20.042,-10,91036,5
509,0x51,0,2,509,509.0,20.041,-9,91215,5
510,0x51,0,2,508,509.0,20.041,-10,91394,5
511,0x51,0,1,508,508.7,20.028,-9,91573,5
512,0x51,0,2,508,508.5,20.02,-11,91752,5
513,0x51,0,2,505,508.4,20.014,-10,91931,5
514,0x51,0,2,510,508.2,20.01,-11,92110,5
515,0x51,0,3,510,508.8,20.03,-10,92289,5
516,0x51,0,1,512,509.1,20.045,-8,92468,5
517,0x51,0,2,508,509.4,20.055,-9,92647,5
518,0x51,0,2,508,509.0,20.039,-9,92826,5
519,0x51,0,1,505,508.7,20.027,-10,93005,5
520,0x51,0,2,508,508.5,20.019,-9,93184,5
521,0x51,0,2,511,508.3,20.013,-11,93363,5
522,0x51,0,2,515,509.1,20.045,-10,93542,5
523,0x51,0,2,508,509.7,20.067,-10,93721,5
524,0x51,0,1,507,509.2,20.047,-10,93900,5
525,0x51,0,1,508,508.8,20.033,-9,94079,5
526,0x51,0,1,507,508.3,20.011,-10,94258,5
527,0x51,0,2,509,508.2,20.008,-10,94437,5
528,0x51,0,2,511,508.4,20.017,-10,94616,5
529,0x51,0,2,513,509.2,20.047,-9,94795,5
530,0x51,0,2,511,509.7,20.069,-9,94974,5
531,0x51,0,1,507,510.1,20.084,-10,95153,5
532,0x51,0,1,506,509.2,20.047,-11,95332,5
533,0x51,0,1,509,508.5,20.021,-9,95511,5
534,0x51,0,2,511,508.7,20.026,-8,95690,5
535,0x51,0,2,510,509.1,20.042,-8,95869,5
536,0x51,0,2,511,509.6,20.065,-7,96048,5
537,0x51,0,2,510,509.8,20.069,-8,96227,5
538,0x51,0,2,510,509.8,20.072,-8,96406,5
539,0x51,0,2,508,509.9,20.074,-9,96585,5
540,0x51,0,1,507,509.3,20.052,-10,96764,5
541,0x51,0,2,513,508.9,20.036,-10,96943,5
542,0x51,0,2,513,510.1,20.084,-10,97122,5
543,0x51,0,1,510,511.0,20.118,-9,97301,5
544,0x51,0,1,509,510.7,20.106,-10,97480,5
545,0x51,0,1,509,510.2,20.086,-8,97659,5
546,0x51,0,1,508,509.8,20.072,-9,97838,5
547,0x51,0,2,508,509.3,20.051,-8,98017,5
548,0x51,0,1,510,508.9,20.035,-10,98196,5
549,0x51,0,1,513,509.2,20.048,-10,98375,5
550,0x51,0,1,509,509.5,20.057,-10,98554,5
551,0x51,0,1,509,509.3,20.052,-11,98733,5
552,0x51,0,2,507,509.2,20.048,-10,98912,5
553,0x51,0,2,506,508.6,20.022,-11,99091,5
554,0x51,0,1,507,508.1,20.004,-9,99270,5
555,0x51,0,2,508,507.8,19.991,-11,99449,5
556,0x51,0,2,508,507.8,19.993,-12,99628,5
557,0x51,0,1,507,507.9,19.995,-10,99807,5
558,0x51,0,1,509,507.9,19.997,-10,99986,5
559,0x51,0,1,510,508.2,20.01,-8,100165,5
560,0x51,0,1,508,508.5,20.019,-9,100344,5
561,0x51,0,1,506,508.3,20.013,-10,100523,5
562,0x51,0,2,510,508.2,20.009,-10,100702,5
563,0x51,0,1,511,508.8,20.03,-9,100881,5
564,0x51,0,2,511,509.4,20.056,-8,101060,5
565,0x51,0,2,507,509.9,20.075,-10,101239,5
566,0x51,0,1,510,509.9,20.076,-10,101418,5
567,0x51,0,1,507,509.1,20.041,-10,101597,5
568,0x51,0,2,512,509.3,20.053,-9,101776,5
569,0x51,0,2,513,510.1,20.084,-9,101955,5
570,0x51,0,2,508,510.7,20.106,-11,102134,5
571,0x51,0,2,511,510.8,20.11,-9,102313,5
572,0x51,0,1,509,510.3,20.089,-10,102492,5
573,0x51,0,1,511,510.5,20.097,-9,102671,5
574,0x51,0,1,510,510.3,20.092,-7,102850,5
575,0x51,0,2,510,510.2,20.088,-9,103029,5
576,0x51,0,1,510,510.2,20.085,-9,103208,5
577,0x51,0,1,511,510.1,20.083,-9,103387,5
578,0x51,0,1,511,510.4,20.094,-9,103566,5
579,0x51,0,1,511,510.6,20.101,-9,103745,5
